#     BLOCK:  ACTUAL_PE:     PE_AVE:      ERROR:
           1   -0.316812   -0.316812           0
           2   -0.323702   -0.320257   0.0024359
           3   -0.359769   -0.333428   0.0108756
           4   -0.395855   -0.349035   0.0157865
           5   -0.403964    -0.36002   0.0160015
           6   -0.418709   -0.369802   0.0160481
           7   -0.410267   -0.375583     0.01476
           8   -0.397401    -0.37831   0.0131645
           9   -0.374934   -0.377935   0.0117071
          10   -0.357854   -0.375927   0.0107073
          11   -0.354485   -0.373977  0.00990972
          12   -0.382513   -0.374689   0.0091094
          13   -0.377975   -0.374942  0.00841218
          14    -0.37893   -0.375226  0.00781613
          15   -0.379893   -0.375537  0.00730125
          16   -0.368774   -0.375115  0.00685714
          17   -0.349795   -0.373625  0.00661355
          18    -0.36187   -0.372972  0.00627829
          19   -0.347773   -0.371646  0.00608633
          20   -0.374991   -0.371813  0.00578431
          21   -0.409669   -0.373616  0.00578294
          22   -0.422395   -0.375833  0.00592993
          23   -0.418143   -0.377673   0.0059506
          24   -0.427654   -0.379755  0.00605613
          25   -0.447431   -0.382462  0.00639031
          26   -0.420724   -0.383934   0.0063117
          27   -0.396696   -0.384407   0.0060956
          28   -0.365085   -0.383717  0.00591683
          29   -0.385079   -0.383764  0.00571299
          30   -0.394778   -0.384131  0.00553434
          31     -0.4165   -0.385175  0.00545343
          32   -0.437975   -0.386825  0.00552699
          33   -0.423809   -0.387946  0.00547196
          34   -0.388745   -0.387969  0.00531107
          35     -0.3803    -0.38775  0.00516384
          36   -0.393509    -0.38791  0.00502288
          37   -0.385748   -0.387852  0.00488746
          38   -0.376653   -0.387557  0.00476772
          39   -0.374544   -0.387223  0.00465714
          40   -0.383047   -0.387119  0.00454188
          41    -0.38312   -0.387021  0.00443215
          42   -0.381427   -0.386888  0.00432862
          43    -0.35729     -0.3862  0.00428233
          44   -0.347601   -0.385322  0.00427391
          45   -0.358837   -0.384734  0.00421927
          46    -0.36909   -0.384394  0.00414123
          47   -0.354075   -0.383749  0.00410305
          48   -0.325717    -0.38254  0.00419191
          49   -0.312207   -0.381104  0.00434516
          50   -0.331491   -0.380112  0.00437009
          51   -0.326592   -0.379063   0.0044086
          52   -0.309982   -0.377734  0.00451955
          53   -0.308133   -0.376421  0.00462113
          54   -0.327497   -0.375515  0.00462351
          55   -0.353072   -0.375107  0.00455742
          56   -0.359207   -0.374823  0.00448487
          57   -0.379254   -0.374901  0.00440686
          58   -0.386476     -0.3751   0.0043354
          59   -0.390946   -0.375369  0.00427023
          60   -0.378584   -0.375422   0.0041994
          61    -0.35103   -0.375023  0.00414955
          62   -0.323161   -0.374186  0.00416608
          63   -0.342502   -0.373683  0.00413019
          64   -0.382155   -0.373816  0.00406778
          65   -0.409655   -0.374367  0.00404239
          66   -0.425833   -0.375147  0.00405566
          67   -0.437297   -0.376074  0.00409984
          68   -0.417386   -0.376682  0.00408431
          69   -0.385545    -0.37681  0.00402714
          70   -0.341342   -0.376304  0.00400135
          71   -0.357151   -0.376034  0.00395408
          72    -0.35358   -0.375722  0.00391144
          73   -0.383083   -0.375823  0.00385916
          74   -0.406887   -0.376243  0.00382977
          75   -0.419745   -0.376823  0.00382238
          76   -0.407422   -0.377225  0.00379323
          77      -0.415   -0.377716  0.00377556
          78   -0.371875   -0.377641   0.0037279
          79   -0.357178   -0.377382   0.0036897
          80   -0.385115   -0.377479  0.00364484
          81    -0.40575   -0.377828  0.00361652
          82   -0.406873   -0.378182  0.00358972
          83   -0.364488   -0.378017  0.00355026
          84    -0.33792    -0.37754  0.00353994
          85   -0.315714   -0.376812  0.00357223
          86   -0.322057   -0.376176  0.00358699
          87   -0.311914   -0.375437  0.00362101
          88   -0.310028   -0.374694  0.00365535
          89   -0.304589   -0.373906  0.00369818
          90   -0.316569   -0.373269  0.00371156
          91   -0.307491   -0.372546   0.0037405
          92   -0.320507    -0.37198  0.00374236
          93   -0.350813   -0.371753  0.00370904
          94   -0.397115   -0.372023  0.00367938
          95   -0.394894   -0.372263  0.00364852
          96   -0.411216   -0.372669    0.003633
          97   -0.406027   -0.373013  0.00361179
          98   -0.395187   -0.373239  0.00358202
          99   -0.369813   -0.373205    0.003546
         100   -0.363803   -0.373111  0.00351179
         101   -0.360224   -0.372983  0.00347933
         102   -0.329365   -0.372555   0.0034714
         103   -0.342278   -0.372261  0.00345012
         104   -0.361782   -0.372161  0.00341842
         105   -0.363256   -0.372076  0.00338692
         106   -0.380739   -0.372158  0.00335595
         107   -0.376354   -0.372197  0.00332482
         108   -0.395608   -0.372414  0.00330109
         109   -0.424927   -0.372895  0.00330577
         110   -0.443937   -0.373541  0.00333821
         111   -0.439628   -0.374137  0.00336081
         112   -0.470675   -0.374999  0.00343956
         113   -0.455413    -0.37571  0.00348196
         114   -0.468178   -0.376521  0.00354463
         115   -0.460326    -0.37725  0.00358794
         116   -0.436801   -0.377763  0.00359355
         117   -0.425578   -0.378172    0.003586
         118   -0.382126   -0.378206  0.00355576
         119   -0.351347    -0.37798  0.00353304
         120   -0.365262   -0.377874  0.00350519
         121   -0.363465   -0.377755  0.00347824
         122    -0.36224   -0.377628  0.00345205
         123   -0.371744    -0.37758  0.00342432
         124   -0.386017   -0.377648  0.00339738
         125   -0.393244   -0.377773  0.00337249
         126    -0.43391   -0.378218  0.00337503
         127    -0.45991   -0.378861   0.0034092
         128   -0.444275   -0.379372  0.00342065
         129   -0.406385   -0.379582  0.00340054
         130   -0.398238   -0.379725  0.00337741
         131   -0.368317   -0.379638  0.00335275
         132   -0.338275   -0.379325  0.00334196
         133   -0.328896   -0.378946  0.00333827
         134   -0.352771    -0.37875  0.00331907
         135   -0.350615   -0.378542  0.00330102
         136   -0.364957   -0.378442  0.00327826
         137   -0.386983   -0.378504  0.00325493
         138   -0.403088   -0.378683  0.00323621
         139   -0.415757   -0.378949   0.0032239
         140   -0.400453   -0.379103  0.00320453
         141   -0.418031   -0.379379  0.00319367
         142   -0.411205   -0.379603  0.00317904
         143   -0.399863   -0.379745  0.00315996
         144   -0.390843   -0.379822  0.00313896
         145   -0.407712   -0.380014   0.0031232
         146   -0.406803   -0.380198  0.00310719
         147   -0.418658   -0.380459  0.00309705
         148   -0.392452    -0.38054  0.00307718
         149   -0.358365   -0.380392  0.00306013
         150   -0.375882   -0.380361  0.00303987
         151   -0.396816    -0.38047  0.00302169
         152   -0.399512   -0.380596  0.00300441
         153   -0.363836   -0.380486  0.00298677
         154   -0.335894   -0.380197  0.00298138
         155      -0.331   -0.379879  0.00297899
         156   -0.346944   -0.379668  0.00296737
         157   -0.358741   -0.379535  0.00295146
         158   -0.353493    -0.37937  0.00293738
         159   -0.370748   -0.379316   0.0029194
         160    -0.37732   -0.379303  0.00290118
         161   -0.404962   -0.379463  0.00288754
         162   -0.391097   -0.379534  0.00287061
         163   -0.351991   -0.379365  0.00285796
         164   -0.349297   -0.379182  0.00284641
         165   -0.327406   -0.378868  0.00284641
         166   -0.315304   -0.378485   0.0028549
         167   -0.301538   -0.378025  0.00287475
         168   -0.310412   -0.377622  0.00288567
         169   -0.328911   -0.377334  0.00288295
         170   -0.335599   -0.377088  0.00287643
         171   -0.333001   -0.376831  0.00287114
         172   -0.340645    -0.37662  0.00286214
         173   -0.314965   -0.376264   0.0028677
         174   -0.362705   -0.376186  0.00285228
         175   -0.363409   -0.376113  0.00283691
         176   -0.367843   -0.376066  0.00282118
         177     -0.3878   -0.376132  0.00280602
         178   -0.450017   -0.376547  0.00282079
         179   -0.432211   -0.376858  0.00282212
         180   -0.395589   -0.376962  0.00280836
         181    -0.39128   -0.377041  0.00279396
         182   -0.439825   -0.377386  0.00279983
         183   -0.452815   -0.377799   0.0028147
         184   -0.407474    -0.37796  0.00280402
         185   -0.383612    -0.37799  0.00278903
         186   -0.398658   -0.378102  0.00277625
         187   -0.385826   -0.378143  0.00276171
         188   -0.366086   -0.378079  0.00274776
         189   -0.343656   -0.377897  0.00273926
         190    -0.33708   -0.377682  0.00273325
         191    -0.34176   -0.377494   0.0027254
         192   -0.395961    -0.37759   0.0027129
         193   -0.405393   -0.377734  0.00270267
         194   -0.399542   -0.377846  0.00269107
         195   -0.388397     -0.3779  0.00267782
         196   -0.376475   -0.377893  0.00266417
         197   -0.366153   -0.377834  0.00265131
         198   -0.368399   -0.377786  0.00263835
         199   -0.359505   -0.377694  0.00262669
         200   -0.375993   -0.377686  0.00261357
         201   -0.368881   -0.377642  0.00260093
         202   -0.346374   -0.377487  0.00259266
         203   -0.338681   -0.377296  0.00258692
         204   -0.353683    -0.37718  0.00257683
         205   -0.371482   -0.377152  0.00256441
         206   -0.378889   -0.377161  0.00255198
         207   -0.399813    -0.37727  0.00254199
         208   -0.385988   -0.377312  0.00253012
         209   -0.348875   -0.377176  0.00252167
         210   -0.330499   -0.376954  0.00251944
         211   -0.350147   -0.376827   0.0025107
         212   -0.368026   -0.376785   0.0024992
         213   -0.342811   -0.376626  0.00249255
         214    -0.31836   -0.376353  0.00249573
         215   -0.294791   -0.375974  0.00251279
         216   -0.301957   -0.375631  0.00252441
         217   -0.356799   -0.375545  0.00251427
         218   -0.389158   -0.375607  0.00250351
         219   -0.401531   -0.375725  0.00249488
         220   -0.384388   -0.375765  0.00248385
         221   -0.386775   -0.375815  0.00247311
         222   -0.353253   -0.375713  0.00246405
         223   -0.370302   -0.375689  0.00245312
         224   -0.380829   -0.375712  0.00244228
         225   -0.383349   -0.375746  0.00243166
         226   -0.386684   -0.375794  0.00242138
         227   -0.405811   -0.375926  0.00241432
         228    -0.41063   -0.376078  0.00240853
         229   -0.420073   -0.376271  0.00240566
         230    -0.39536   -0.376354  0.00239663
         231   -0.394586   -0.376432  0.00238756
         232   -0.394274   -0.376509   0.0023785
         233   -0.394871   -0.376588   0.0023696
         234   -0.386248   -0.376629  0.00235983
         235   -0.381721   -0.376651  0.00234989
         236   -0.389049   -0.376704  0.00234052
         237   -0.394321   -0.376778  0.00233183
         238   -0.384111   -0.376809  0.00232223
         239   -0.382484   -0.376833  0.00231264
         240   -0.388957   -0.376883  0.00230355
         241    -0.38956   -0.376936  0.00229459
         242   -0.389653   -0.376988  0.00228571
         243   -0.383633   -0.377016  0.00227647
         244   -0.403485   -0.377124  0.00226973
         245   -0.431696   -0.377347  0.00227136
         246   -0.424856    -0.37754  0.00227033
         247   -0.415544   -0.377694  0.00226634
         248   -0.416991   -0.377852  0.00226274
         249   -0.413151   -0.377994  0.00225809
         250   -0.388178   -0.378035  0.00224942
         251   -0.422146    -0.37821  0.00224731
         252   -0.446789   -0.378483  0.00225481
         253   -0.447737   -0.378756  0.00226246
         254   -0.441414   -0.379003  0.00226696
         255   -0.435156   -0.379223  0.00226874
         256   -0.431978   -0.379429  0.00226921
         257   -0.435186   -0.379646  0.00227073
         258   -0.408736   -0.379759  0.00226473
         259   -0.396186   -0.379822  0.00225687
         260   -0.383536   -0.379837  0.00224824
         261   -0.365226   -0.379781  0.00224032
         262   -0.381539   -0.379787  0.00223178
         263   -0.380903   -0.379792   0.0022233
         264   -0.360198   -0.379717  0.00221611
         265   -0.368384   -0.379675  0.00220816
         266   -0.431759    -0.37987  0.00220853
         267    -0.44677   -0.380121  0.00221442
         268    -0.45059   -0.380384  0.00222172
         269   -0.464294   -0.380696  0.00223525
         270   -0.462927      -0.381  0.00224762
         271    -0.42017   -0.381145  0.00224397
         272   -0.426723   -0.381313  0.00224197
         273   -0.427282   -0.381481  0.00224007
         274   -0.398113   -0.381542  0.00223272
         275   -0.363199   -0.381475  0.00222559
         276   -0.341558    -0.38133  0.00222222
         277    -0.34529     -0.3812  0.00221801
         278   -0.360747   -0.381127  0.00221125
         279   -0.343655   -0.380992   0.0022074
         280   -0.323453   -0.380787  0.00220906
         281   -0.330224   -0.380607  0.00220851
         282   -0.349234   -0.380496  0.00220348
         283   -0.376732   -0.380482  0.00219574
         284   -0.433203   -0.380668  0.00219584
         285   -0.425347   -0.380825  0.00219372
         286    -0.39327   -0.380868  0.00218648
         287   -0.359923   -0.380795  0.00218008
         288   -0.367761    -0.38075  0.00217298
         289    -0.37964   -0.380746  0.00216547
         290   -0.394445   -0.380793  0.00215852
         291   -0.367895   -0.380749  0.00215155
         292   -0.316648    -0.38053  0.00215535
         293   -0.317508   -0.380315   0.0021587
         294   -0.317185     -0.3801  0.00216201
         295   -0.346489   -0.379986  0.00215769
         296   -0.351433   -0.379889  0.00215255
         297   -0.363879   -0.379835  0.00214598
         298   -0.398555   -0.379898   0.0021397
         299   -0.421834   -0.380039  0.00213713
         300   -0.402086   -0.380112  0.00213127
         301   -0.407587   -0.380203  0.00212614
         302   -0.386923   -0.380226  0.00211922
         303   -0.404269   -0.380305  0.00211371
         304   -0.418974   -0.380432  0.00211058
         305   -0.453947   -0.380673  0.00211738
         306   -0.443107   -0.380877  0.00212027
         307   -0.450175   -0.381103  0.00212534
         308   -0.424614   -0.381244  0.00212313
         309   -0.429643   -0.381401  0.00212203
         310   -0.382366   -0.381404  0.00211519
         311    -0.39723   -0.381455    0.002109
         312   -0.420467    -0.38158  0.00210594
         313   -0.427529   -0.381727  0.00210433
         314   -0.396378   -0.381773  0.00209814
         315   -0.376747   -0.381757  0.00209154
         316   -0.350771   -0.381659  0.00208722
         317   -0.322986   -0.381474  0.00208883
         318   -0.325556   -0.381298  0.00208965
         319   -0.327161   -0.381129  0.00208998
         320   -0.377959   -0.381119  0.00208347
         321   -0.393525   -0.381157  0.00207734
         322   -0.402844   -0.381225  0.00207198
         323   -0.361466   -0.381164  0.00206646
         324    -0.33373   -0.381017  0.00206527
         325   -0.349046   -0.380919  0.00206125
         326   -0.379766   -0.380915  0.00205493
         327   -0.374056   -0.380894  0.00204876
         328   -0.356354   -0.380819  0.00204387
         329   -0.327151   -0.380656  0.00204416
         330   -0.323308   -0.380483  0.00204534
         331   -0.347194   -0.380382  0.00204163
         332   -0.338957   -0.380257  0.00203929
         333   -0.299038   -0.380013   0.0020477
         334   -0.305454    -0.37979   0.0020537
         335   -0.336886   -0.379662  0.00205156
         336   -0.330495   -0.379516  0.00205067
         337   -0.343137   -0.379408  0.00204742
         338   -0.333488   -0.379272  0.00204587
         339   -0.326178   -0.379115  0.00204582
         340   -0.321568   -0.378946  0.00204679
         341   -0.322237    -0.37878  0.00204753
         342   -0.312222   -0.378585  0.00205077
         343   -0.307875   -0.378379  0.00205513
         344   -0.314586   -0.378193  0.00205751
         345   -0.298286   -0.377962  0.00206454
         346   -0.291111   -0.377711  0.00207377
         347   -0.269884     -0.3774  0.00209095
         348   -0.273248   -0.377101  0.00210625
         349   -0.280666   -0.376825  0.00211826
         350   -0.298153     -0.3766   0.0021241
         351   -0.312518   -0.376417  0.00212588
         352    -0.35637    -0.37636  0.00212061
         353   -0.386574   -0.376389   0.0021148
         354   -0.376826    -0.37639  0.00210882
         355   -0.349125   -0.376314  0.00210428
         356   -0.333592   -0.376194  0.00210179
         357   -0.332596   -0.376071  0.00209945
         358   -0.354507   -0.376011  0.00209445
         359   -0.368282    -0.37599  0.00208872
         360    -0.37637   -0.375991  0.00208292
         361   -0.373451   -0.375984  0.00207716
         362   -0.383719   -0.376005  0.00207154
         363   -0.397537   -0.376064  0.00206668
         364   -0.376102   -0.376065    0.002061
         365   -0.379933   -0.376075  0.00205538
         366   -0.350876   -0.376006  0.00205092
         367   -0.341444   -0.375912  0.00204749
         368   -0.365863   -0.375885  0.00204211
         369   -0.380138   -0.375896  0.00203661
         370   -0.412082   -0.375994  0.00203345
         371   -0.401527   -0.376063  0.00202913
         372   -0.384768   -0.376086  0.00202381
         373   -0.364334   -0.376055  0.00201863
         374   -0.386592   -0.376083  0.00201343
         375   -0.377065   -0.376086  0.00200806
         376   -0.373824    -0.37608  0.00200273
         377   -0.361952   -0.376042  0.00199777
         378   -0.348991   -0.375971  0.00199377
         379   -0.351103   -0.375905  0.00198959
         380   -0.316352   -0.375748  0.00199051
         381   -0.308904   -0.375573  0.00199301
         382   -0.322971   -0.375435  0.00199254
         383   -0.347562   -0.375362  0.00198867
         384   -0.348175   -0.375292  0.00198475
         385    -0.31979   -0.375147  0.00198482
         386   -0.268558   -0.374871  0.00199879
         387   -0.249815   -0.374548  0.00201958
         388   -0.267475   -0.374272  0.00203314
         389   -0.318184   -0.374128  0.00203302
         390   -0.364701   -0.374104  0.00202795
         391   -0.354928   -0.374055  0.00202336
         392    -0.35503   -0.374006  0.00201878
         393   -0.364753   -0.373983  0.00201378
         394   -0.351532   -0.373926  0.00200948
         395   -0.345966   -0.373855  0.00200563
         396   -0.338459   -0.373765  0.00200256
         397   -0.346463   -0.373697   0.0019987
         398   -0.326178   -0.373577  0.00199724
         399    -0.32092   -0.373445  0.00199659
         400    -0.33501   -0.373349  0.00199391
         401   -0.354941   -0.373303  0.00198946
         402   -0.358217   -0.373266  0.00198487
         403   -0.338657    -0.37318   0.0019818
         404    -0.31337   -0.373032  0.00198242
         405   -0.328049   -0.372921  0.00198063
         406   -0.357366   -0.372883  0.00197612
         407   -0.390073   -0.372925  0.00197172
         408   -0.395349    -0.37298  0.00196765
         409   -0.395047   -0.373034  0.00196358
         410   -0.401442   -0.373103  0.00196001
         411   -0.401368   -0.373172  0.00195645
         412   -0.422402   -0.373291  0.00195535
         413   -0.434459   -0.373439  0.00195621
         414   -0.437119   -0.373593  0.00195753
         415   -0.418398   -0.373701  0.00195579
         416   -0.412043   -0.373793  0.00195325
         417   -0.382509   -0.373814  0.00194868
         418   -0.359669    -0.37378  0.00194431
         419   -0.333625   -0.373684  0.00194203
         420   -0.344318   -0.373615  0.00193867
         421   -0.370411   -0.373607  0.00193408
         422   -0.394492   -0.373656  0.00193013
         423   -0.369933   -0.373648  0.00192559
         424   -0.338865   -0.373566  0.00192279
         425     -0.3487   -0.373507  0.00191916
         426   -0.365884   -0.373489  0.00191473
         427    -0.36664   -0.373473  0.00191032
         428   -0.364456   -0.373452  0.00190597
         429   -0.395262   -0.373503  0.00190221
         430   -0.419396    -0.37361  0.00190077
         431   -0.438927   -0.373761   0.0019024
         432   -0.452984   -0.373945  0.00190681
         433   -0.419086   -0.374049  0.00190525
         434   -0.407831   -0.374127  0.00190245
         435   -0.406204     -0.3742  0.00189951
         436    -0.42644    -0.37432  0.00189893
         437   -0.428486   -0.374444  0.00189862
         438   -0.415253   -0.374537  0.00189657
         439   -0.428325    -0.37466  0.00189621
         440   -0.421104   -0.374765  0.00189483
         441   -0.409757   -0.374845   0.0018922
         442   -0.366538   -0.374826  0.00188801
         443   -0.377157   -0.374831  0.00188375
         444   -0.371827   -0.374824  0.00187952
         445   -0.346682   -0.374761  0.00187636
         446   -0.359199   -0.374726  0.00187248
         447   -0.374645   -0.374726  0.00186829
         448   -0.358762   -0.374691  0.00186446
         449   -0.325103    -0.37458  0.00186358
         450   -0.283598   -0.374378  0.00187037
         451   -0.324605   -0.374268  0.00186948
         452   -0.354702   -0.374224  0.00186584
         453   -0.366506   -0.374207   0.0018618
         454   -0.362688   -0.374182  0.00185787
         455   -0.342173   -0.374112  0.00185512
         456   -0.336255   -0.374028  0.00185291
         457   -0.314676   -0.373899   0.0018534
         458   -0.328822     -0.3738  0.00185197
         459   -0.324663   -0.373693  0.00185102
         460   -0.349538   -0.373641  0.00184774
         461   -0.356283   -0.373603  0.00184412
         462   -0.357243   -0.373568  0.00184047
         463   -0.367944   -0.373555  0.00183653
         464   -0.353138   -0.373511   0.0018331
         465   -0.358416   -0.373479  0.00182945
         466    -0.34578    -0.37342  0.00182649
         467   -0.380833   -0.373435  0.00182264
         468   -0.391732   -0.373474  0.00181917
         469    -0.40613   -0.373544  0.00181662
         470   -0.397659   -0.373595  0.00181348
         471   -0.374931   -0.373598  0.00180963
         472   -0.365761   -0.373582  0.00180587
         473   -0.353809    -0.37354  0.00180254
         474   -0.324345   -0.373436  0.00180172
         475   -0.303261   -0.373288  0.00180398
         476   -0.341349   -0.373221  0.00180143
         477   -0.376691   -0.373229  0.00179767
         478   -0.371816   -0.373226  0.00179391
         479   -0.355459   -0.373188  0.00179055
         480   -0.361867   -0.373165  0.00178698
         481   -0.386703   -0.373193  0.00178348
         482   -0.391564   -0.373231  0.00178019
         483    -0.40318   -0.373293  0.00177758
         484   -0.391988   -0.373332  0.00177433
         485   -0.381694   -0.373349  0.00177076
         486   -0.397191   -0.373398  0.00176779
         487   -0.389451   -0.373431  0.00176447
         488     -0.4015   -0.373489  0.00176179
         489    -0.38801   -0.373518  0.00175844
         490   -0.390486   -0.373553  0.00175519
         491   -0.363809   -0.373533  0.00175173
         492   -0.388666   -0.373564  0.00174844
         493    -0.39921   -0.373616  0.00174567
         494   -0.375389   -0.373619  0.00174214
         495   -0.389185   -0.373651   0.0017389
         496   -0.357461   -0.373618   0.0017357
         497   -0.300644   -0.373471  0.00173841
         498   -0.280796   -0.373285  0.00174485
         499   -0.309916   -0.373158  0.00174597
         500   -0.361224   -0.373134  0.00174264
