# best_L1 average_L1
415.656 472.694
402.119 452.192
390.74 431.892
379.672 419.827
367.623 406.194
350.786 393.684
347.473 381.497
344.2 370.741
341.838 360.861
333.578 352.069
328.427 347.178
323.045 341.989
318.224 336.793
316.563 330.902
305.207 326.238
301.994 320.679
293.346 314.985
285.458 309.707
279.034 304.172
276.657 297.241
275.553 291.872
273.013 287.046
269.936 283
263.959 279.024
262.571 275.236
258.973 272.339
252.661 269.396
252.661 266.845
251.805 263.366
248.28 259.558
245.115 256.577
242.657 253.837
235.978 250.994
233.838 248.358
233.018 246.135
232.472 242.284
227.928 239.517
227.011 236.917
226.237 234.211
221.937 232.28
218.678 230.248
217.771 227.756
214.653 225.802
211.556 223.401
209.504 220.675
207.449 217.612
204.931 215.948
201.779 213.465
199.221 210.772
199.081 208.374
196.762 205.26
194.162 202.875
189.644 200.293
189.555 197.984
187.73 195.652
187.649 192.351
185.755 190.352
183.837 188.803
183.505 187.679
180.475 186.619
179.583 185.789
178.739 184.294
176.074 183.015
173.169 181.795
172.28 179.86
169.747 177.666
169.747 176.239
168.879 174.372
166.315 173.318
164.494 172.817
164.494 171.77
163.501 171.017
162.445 169.624
161.372 167.666
160.042 165.488
158.267 164.084
157.171 163.172
155.25 162.541
154.725 161.219
154.41 159.017
152.296 157.144
151.296 156.113
150.54 155.134
148.878 153.561
148.079 152.341
146.518 151.585
145.412 150.458
145.383 149.375
144.635 147.7
144.526 147.156
143.253 146.326
142.225 145.704
141.996 145.05
141.718 144.238
137.266 143.5
137.266 142.68
135.621 141.345
135.621 140.12
134.458 139.257
133.091 138.046
133.091 137.934
133.091 137.239
131.761 136.477
131.761 135.909
131.07 134.467
131.07 133.439
130.351 132.562
129.299 131.952
128.683 131.233
127.353 130.621
125.582 130.083
124.655 128.899
124.196 127.558
122.94 126.228
122.215 125.508
120.5 124.687
120.5 123.812
120.12 122.407
119.509 121.32
119.481 120.747
119.481 120.447
118.891 120.076
117.133 119.878
117.133 119.931
116.342 120.472
116.342 121.003
116.342 121.553
116.111 120.415
115.429 120.042
114.654 118.544
114.654 118.15
114.422 117.613
113.928 117.352
113.686 116.621
112.947 115.568
112.947 115.218
112.284 114.255
111.432 113.881
111.432 114.341
111.193 114.578
110.439 114.323
110.07 113.263
110.07 112.96
109.398 112.309
108.819 111.789
108.819 110.889
107.076 110.983
106.451 110.519
106.168 109.308
106.168 108.225
106.04 107.231
104.93 106.62
104.639 106.339
104.639 105.795
102.66 105.326
102.66 104.996
101.985 104.6
101.68 103.79
101.68 103.238
101.599 102.656
101.495 102.333
100.542 102.041
100.462 101.806
100.462 101.494
99.7957 101.266
99.3021 101.096
99.2212 100.611
99.0636 100.09
98.9866 99.734
98.7186 100.071
98.2131 100.456
97.5983 100.178
97.3019 99.7346
96.764 98.8806
96.6415 98.2157
96.1036 97.7666
96.1036 97.355
95.6816 96.9541
95.3852 96.5587
95.3852 96.218
95.3121 95.8135
95.1425 95.5973
95.1425 95.514
94.9417 95.3167
94.8958 95.2343
94.1163 95.1078
93.6326 95.0586
92.9874 94.8279
91.6784 94.3611
91.2289 93.9126
91.1766 93.1341
90.7271 92.2295
90.7271 91.8101
90.4694 91.2884
90.4694 91.1398
90.4502 90.8579
90.0252 91.0477
90.0252 91.3144
89.9478 91.033
89.9478 90.8255
89.8919 90.2316
89.8919 90.0464
89.8919 90.0072
89.8919 89.9259
89.2881 89.8997
89.0381 89.8434
88.6698 89.6778
88.4343 89.5225
88.2688 89.6041
87.8173 88.9367
87.6518 88.6587
87.2028 88.5663
87.1567 88.1244
86.5397 87.8318
86.4203 87.3291
85.8902 86.9446
85.7965 86.736
85.7965 86.6946
85.7965 86.5356
85.7965 86.2651
85.2664 85.9683
85.2664 85.9229
84.9203 86.0162
84.9203 86.1032
84.8009 85.93
84.7827 85.4113
84.7827 85.7374
84.298 85.9782
84.298 86.6355
84.298 86.6935
84.298 86.4277
84.0266 85.61
84.0266 84.6756
83.5468 84.4657
83.5468 84.0878
83.5468 83.9123
83.5468 83.8609
83.5468 84.181
82.8306 84.8762
82.8306 86.2402
82.8306 87.5187
82.8114 87.4042
82.8114 87.6214
82.8114 87.7164
82.8114 87.6375
82.8114 86.8075
82.8114 85.216
82.8114 83.489
82.8114 83.0273
82.8114 82.8114
82.8114 82.8114
82.6268 82.811
82.6268 82.7977
81.872 82.7457
81.872 82.6571
81.872 82.6422
81.872 82.6569
81.872 83.1383
81.5685 83.9591
81.5685 85.0836
81.2941 85.2218
81.2941 83.6972
81.2941 82.1151
81.0914 81.5572
81.0914 81.3134
81.0914 81.2118
80.3647 81.1437
80.0797 81.0449
80.0797 80.8072
79.8236 80.5004
79.5386 80.23
79.5386 80.0185
79.5386 79.776
79.5386 79.6491
79.2987 79.5556
79.2987 79.5256
79.2972 79.4672
79.1664 79.4018
78.8205 79.9447
78.8162 79.9578
78.8162 79.2639
78.8162 79.0158
78.8162 78.9186
78.8162 78.8166
78.8162 78.8541
78.8162 79.9349
78.8162 80.8689
78.8162 81.4924
78.7887 80.5039
78.7887 79.7387
78.7485 80.4083
78.6351 82.462
78.6351 82.0666
78.6351 82.9293
78.6351 82.6665
78.6351 80.9742
78.6254 79.4677
78.6254 78.7325
78.6254 78.6646
78.6254 78.629
78.6254 78.6266
78.6254 78.6254
78.5759 78.6253
78.092 78.6203
78.092 78.904
78.092 79.4597
78.092 79.6875
78.092 79.2839
78.092 78.6453
78.0701 78.1694
78.0021 78.1162
78.0021 78.7287
78.0021 78.9117
77.8319 78.9792
77.8319 78.2119
77.488 77.9741
77.4876 77.8441
76.9735 77.7197
76.9735 77.5289
76.7954 77.2887
76.7954 77.2076
76.7954 77.4364
76.265 78.7938
76.265 79.8607
76.265 79.8981
76.265 80.1752
76.265 79.104
76.265 77.2921
76.265 76.491
76.265 76.265
76.265 76.265
76.265 76.265
75.7292 76.2635
75.7292 76.2051
75.7292 76.0209
75.7292 75.8449
75.7292 75.7368
75.68 75.7291
75.3201 75.7339
75.3201 75.7549
75.2006 75.776
75.2006 75.5124
75.2006 75.2997
75.2006 75.3178
75.2006 75.9511
75.2006 76.8852
75.2006 77.6409
75.2006 76.9807
75.2006 75.3321
75.2006 75.2024
75.2006 75.2006
75.2006 75.2006
75.1722 75.2006
75.1722 75.2001
75.1722 75.3494
75.1722 76.4957
75.1722 76.8688
75.1722 76.3164
74.9106 75.7092
74.9106 75.1476
74.9106 75.0654
74.8667 74.979
74.8667 74.906
74.8667 74.8916
74.8094 74.8764
74.8094 74.8612
74.8094 74.8418
74.8094 74.8219
74.8094 74.8174
74.6952 75.2682
74.5989 77.0115
74.5989 77.5242
74.5989 76.7754
74.5989 76.0195
74.5989 76.7027
74.5989 77.6669
74.5989 76.9822
74.5989 75.9634
74.5989 74.8654
74.4416 74.6149
74.4416 74.5847
74.398 74.5275
74.398 74.4692
74.398 74.4229
74.398 74.4065
74.398 74.398
74.246 74.3976
74.246 74.3829
74.246 74.3272
74.246 74.2843
74.246 74.5846
74.246 75.4447
74.246 75.8547
74.246 74.8884
74.246 74.2657
74.246 74.246
74.246 74.246
74.0506 74.2456
74.0506 74.2237
74.0372 74.1504
73.8419 74.0931
73.8419 74.0108
73.8419 73.9226
73.8419 73.8734
73.8003 73.8418
73.8003 73.8376
73.8003 73.8232
73.8003 73.8097
73.8003 73.8003
73.8003 73.8003
73.8003 73.8003
73.8003 73.8003
73.8003 73.8003
73.8003 73.8003
73.7594 73.8002
73.7594 73.7957
73.7594 74.1178
73.7594 74.1821
73.7594 73.9931
73.7594 73.7608
73.7594 73.7594
73.7594 73.7594
73.7594 73.7594
73.7594 73.79
73.7594 74.6708
73.7594 76.3028
73.7594 76.1149
73.7594 74.8863
73.7594 74.0256
73.7594 73.7594
73.7594 73.7594
73.7594 73.7594
73.7594 73.7594
73.7594 73.7594
73.7594 73.7594
73.2984 73.7585
73.2984 73.717
73.2984 73.539
73.0655 73.3461
73.0655 73.2821
73.0655 73.3339
73.0655 73.5107
73.0655 73.2466
72.6046 73.0711
72.6046 72.9993
72.6046 72.8299
72.6046 72.6709
72.6046 72.6058
72.6046 72.6046
72.6046 72.6046
72.6046 72.6046
72.6046 72.6046
72.6046 72.6046
72.6046 72.6046
72.6046 72.6046
72.6046 72.6046
72.6046 72.6046
72.6046 72.6046
72.6046 72.6046
72.6046 72.6046
72.6046 72.6046
72.6046 72.6046
72.6046 72.6046
72.6046 72.6046
72.4604 72.6043
72.4604 72.5901
72.2227 72.5356
72.0785 72.4572
72.0785 72.3282
72.0785 72.1652
72.0785 72.0837
72.0785 72.0785
72.0785 72.0785
72.0785 72.0785
72.0785 72.0785
72.0785 72.0785
72.0785 72.0785
72.0785 72.0785
72.0785 72.0785
72.0785 72.0785
72.0785 72.0785
72.0785 72.0785
72.0785 72.0785
72.0785 72.0785
72.0785 72.0785
72.0785 72.0785
72.0785 72.0785
72.0785 72.0785
71.9839 72.0783
71.8933 72.0681
71.8933 72.016
71.3667 71.9423
71.3667 71.8341
71.3667 71.6058
71.3667 71.4067
71.3667 71.3667
71.3667 71.3667
71.3667 71.3667
71.3667 71.3667
71.3667 71.3667
71.3667 71.3667
71.3667 71.3667
71.3667 71.3667
71.3221 71.3666
71.3221 71.3616
71.3221 71.342
71.3221 71.3267
71.3221 71.3221
71.3221 71.3221
71.3221 71.3221
71.3221 71.3221
71.3221 71.3221
71.3221 71.3221
71.3221 71.3221
71.3221 71.3221
71.3221 71.3221
71.3221 71.3221
71.3221 71.3221
71.3221 71.3221
71.3221 71.3221
71.3221 71.3221
71.3221 71.3221
71.3221 71.3221
71.3221 71.3221
71.3221 71.3221
71.3221 71.3221
71.3221 71.3221
71.3221 71.3221
71.3221 71.3221
71.3221 71.3221
71.3221 71.3221
71.3221 71.3221
71.2902 71.322
71.2902 71.3173
71.2902 71.3023
71.2902 71.2907
71.2902 71.2902
71.0846 71.2898
71.0846 71.2693
71.0846 71.1807
71.0846 71.1081
71.0846 71.0846
71.0846 71.0846
71.0846 71.0846
71.0846 71.0846
71.0846 71.0846
71.0846 71.0846
71.0846 71.0846
71.0846 71.0846
71.0846 71.0846
71.0846 71.0846
71.0846 71.0846
71.0846 71.0846
71.0846 71.0846
71.0846 71.0846
71.0846 71.0846
71.0846 71.0846
71.0846 71.0846
71.0846 71.0846
71.0846 71.0846
71.0846 71.0846
71.0846 71.0846
71.0846 71.0846
71.0846 71.0846
71.0846 71.0846
71.0846 71.0846
71.0846 71.0846
70.9973 71.0844
70.9973 71.0729
70.9973 71.0369
70.9973 71.0075
70.9973 70.9973
70.9973 70.9973
70.9973 70.9973
70.9973 70.9973
70.9973 70.9973
70.9973 70.9973
70.9973 70.9973
70.9973 70.9973
70.9973 70.9973
70.9973 70.9973
70.9973 70.9973
70.9973 70.9973
70.9973 70.9973
70.9973 70.9973
70.9973 70.9973
70.9973 70.9973
70.9973 70.9973
70.9973 70.9973
70.9973 70.9973
70.9973 70.9973
70.9973 70.9973
70.9973 70.9973
70.9973 70.9973
70.9973 70.9973
70.9973 70.9973
70.9973 70.9973
70.9973 70.9973
70.9973 70.9973
70.9973 70.9973
70.9973 70.9973
70.9973 70.9973
70.9973 70.9973
70.9973 70.9973
70.9973 70.9973
70.9973 70.9973
70.9973 70.9973
70.9973 70.9973
70.9973 70.9973
70.9973 70.9973
70.9973 70.9973
70.9973 70.9973
70.9973 70.9973
70.9973 70.9973
70.9973 70.9973
70.9973 70.9973
70.9973 70.9973
70.9973 70.9973
70.9973 70.9973
70.9973 70.9973
70.9973 70.9973
70.9973 70.9973
70.9973 70.9973
70.9973 70.9973
70.9973 70.9973
70.9973 70.9973
70.9973 70.9973
70.9973 70.9973
70.9973 70.9973
70.9973 70.9973
70.9973 70.9973
70.9973 70.9973
70.9973 70.9973
70.9973 70.9973
70.9973 70.9973
70.9973 70.9973
70.9973 70.9973
70.9973 70.9973
70.9973 70.9973
70.9973 70.9973
70.9973 70.9973
70.9973 70.9973
70.9973 70.9973
70.9973 70.9973
70.9973 70.9973
70.9973 70.9973
70.9973 70.9973
70.9973 70.9973
70.9973 70.9973
70.9973 70.9973
70.9973 70.9973
70.9973 70.9973
70.9973 70.9973
70.9973 70.9973
70.9973 70.9973
70.9973 70.9973
70.9973 70.9973
70.9973 70.9973
70.9973 70.9973
70.9973 70.9973
70.9973 70.9973
70.9973 70.9973
70.9973 70.9973
70.9973 70.9973
70.9973 70.9973
70.9973 70.9973
70.9973 70.9973
70.9973 70.9973
70.9973 70.9973
70.9973 70.9973
70.9973 70.9973
70.9973 70.9973
70.9973 70.9973
70.9973 70.9973
70.9973 70.9973
70.9973 70.9973
70.9973 70.9973
70.9973 70.9973
70.9973 70.9973
70.9973 70.9973
70.9973 70.9973
70.9973 70.9973
70.9973 70.9973
70.9973 70.9973
70.9973 70.9973
70.9973 70.9973
70.9973 70.9973
70.9973 70.9973
70.9973 70.9973
70.9973 70.9973
70.9973 70.9973
70.9973 70.9973
70.9973 70.9973
70.9973 70.9973
70.9973 70.9973
70.9973 70.9973
70.9973 70.9973
70.9973 70.9973
70.9973 70.9973
70.9973 70.9973
70.9973 70.9973
70.9973 70.9973
70.9973 70.9973
70.9973 70.9973
70.9973 70.9973
70.9973 70.9973
70.9973 70.9973
70.9973 70.9973
70.9973 70.9973
70.9973 70.9973
70.9973 70.9973
70.9973 70.9973
70.9973 70.9973
70.9973 70.9973
70.9973 70.9973
70.9973 70.9973
70.9973 70.9973
70.9973 70.9973
70.9973 70.9973
70.9973 70.9973
70.9973 70.9973
70.9973 70.9973
70.9973 70.9973
70.9973 70.9973
70.9973 70.9973
70.9973 70.9973
70.9973 70.9973
70.9973 70.9973
70.9973 70.9973
70.9973 70.9973
70.9973 70.9973
70.9973 70.9973
70.9973 70.9973
70.9973 70.9973
70.9973 70.9973
70.9973 70.9973
70.9973 70.9973
70.9973 70.9973
70.9973 70.9973
70.9973 70.9973
70.9973 70.9973
70.9973 70.9973
70.9973 70.9973
70.9973 70.9973
70.9973 70.9973
70.9973 70.9973
70.9973 70.9973
70.9973 70.9973
70.9973 70.9973
70.9973 70.9973
70.9973 70.9973
70.9973 70.9973
70.9973 70.9973
70.9973 70.9973
70.9973 70.9973
70.9973 70.9973
70.9973 70.9973
70.9973 70.9973
70.9973 70.9973
70.9973 70.9973
70.9973 70.9973
70.9973 70.9973
70.9973 70.9973
70.9973 70.9973
70.9973 70.9973
70.9973 70.9973
70.9973 70.9973
70.9973 70.9973
70.9973 70.9973
70.9973 70.9973
70.9973 70.9973
70.9973 70.9973
70.9973 70.9973
70.9973 70.9973
70.9973 70.9973
70.9973 70.9973
70.9973 70.9973
70.9973 70.9973
70.9973 70.9973
70.9973 70.9973
70.9973 70.9973
70.9973 70.9973
70.9973 70.9973
70.9973 70.9973
70.9973 70.9973
70.9973 70.9973
70.9973 70.9973
70.9973 70.9973
70.9973 70.9973
70.9973 70.9973
70.9973 70.9973
70.9973 70.9973
70.9973 70.9973
70.9973 70.9973
70.9973 70.9973
70.9973 70.9973
70.9973 70.9973
70.9973 70.9973
70.9973 70.9973
70.9973 70.9973
70.9973 70.9973
70.9973 70.9973
70.9973 70.9973
70.9973 70.9973
70.9973 70.9973
70.9973 70.9973
70.9973 70.9973
70.9973 70.9973
70.9973 70.9973
70.9973 70.9973
70.9973 70.9973
70.9973 70.9973
70.9973 70.9973
70.9973 70.9973
70.9973 70.9973
70.9973 70.9973
70.9973 70.9973
70.9973 70.9973
70.9973 70.9973
70.9973 70.9973
70.9973 70.9973
70.9973 70.9973
70.9973 70.9973
70.9973 70.9973
70.9973 70.9973
70.9973 70.9973
70.9973 70.9973
70.9973 70.9973
70.9973 70.9973
70.9973 70.9973
70.9973 70.9973
70.9973 70.9973
70.9973 70.9973
70.9973 70.9973
70.9973 70.9973
70.9973 70.9973
70.9973 70.9973
70.9973 70.9973
70.9973 70.9973
70.9973 70.9973
70.9973 70.9973
70.9973 70.9973
70.9973 70.9973
70.9973 70.9973
70.9973 70.9973
70.9973 70.9973
70.9077 70.9971
70.9077 70.9842
70.6491 70.9391
70.6491 70.8611
70.6491 70.7308
70.6491 70.6491
70.6491 70.6491
70.6491 70.6491
70.6491 70.6491
70.6491 70.6491
70.6491 70.6491
70.6491 70.6491
70.6491 70.6491
70.6491 70.6491
70.6491 70.6491
70.6491 70.6491
70.6491 70.6491
70.6491 70.6491
70.6491 70.6491
70.6491 70.6491
70.6491 70.6491
70.6491 70.6491
70.6491 70.6491
70.6491 70.6491
70.6491 70.6491
70.6491 70.6491
70.6491 70.6491
70.6491 70.6491
70.6491 70.6491
70.6491 70.6491
70.6491 70.6491
70.6491 70.6491
70.6491 70.6491
70.6491 70.6491
70.6491 70.6491
70.6491 70.6491
70.6491 70.6491
70.6491 70.6491
70.6491 70.6491
70.6491 70.6491
70.6491 70.6491
70.6491 70.6491
70.6491 70.6491
70.6491 70.6491
70.6491 70.6491
70.6491 70.6491
70.6491 70.6491
70.6491 70.6491
70.6491 70.6491
70.6491 70.6491
70.6491 70.6491
70.6491 70.6491
70.6491 70.6491
70.6491 70.6491
70.6491 70.6491
70.6491 70.6491
70.6491 70.6491
70.6491 70.6491
70.6491 70.6491
70.6491 70.6491
70.6491 70.6491
70.6491 70.6491
70.6491 70.6491
70.6491 70.6491
70.6491 70.6491
70.6491 70.6491
70.6491 70.6491
70.6491 70.6491
70.6491 70.6491
70.6491 70.6491
70.6491 70.6491
70.6491 70.6491
70.6491 70.6491
70.6491 70.6491
70.6491 70.6491
70.6491 70.6491
70.6491 70.6491
70.6491 70.6491
70.6491 70.6491
70.6491 70.6491
70.6491 70.6491
70.6491 70.6491
70.6491 70.6491
70.6491 70.6491
70.6491 70.6491
70.6491 70.6491
70.6491 70.6491
70.6491 70.6491
70.6491 70.6491
70.6491 70.6491
70.6491 70.6491
70.6491 70.6491
70.6491 70.6491
70.6491 70.6491
70.6491 70.6491
70.6491 70.6491
70.6491 70.6491
70.6491 70.6491
70.6491 70.6491
70.6491 70.6491
70.6491 70.6491
70.6491 70.6491
70.6491 70.6491
70.6491 70.6491
70.6491 70.6491
70.6491 70.6491
70.6491 70.6491
70.6491 70.6491
70.6491 70.6491
70.6491 70.6491
70.6491 70.6491
70.6491 70.6491
70.6491 70.6491
70.6491 70.6491
70.6491 70.6491
70.6491 70.6491
70.6491 70.6491
70.6491 70.6491
70.6491 70.6491
70.6491 70.6491
70.6491 70.6491
70.6491 70.6491
70.6491 70.6491
70.6491 70.6491
70.6491 70.6491
70.6491 70.6491
70.6491 70.6491
70.6491 70.6491
70.6491 70.6491
70.6491 70.6491
70.6491 70.6491
70.6491 70.6491
70.6491 70.6491
70.6491 70.6491
70.6491 70.6491
70.6491 70.6491
70.6491 70.6491
70.6491 70.6491
70.6491 70.6491
70.6491 70.6491
70.6491 70.6491
70.6491 70.6491
70.6491 70.6491
70.6491 70.6491
70.6491 70.6491
70.6491 70.6491
70.6491 70.6491
70.6491 70.6491
70.6491 70.6491
70.6491 70.6491
70.6491 70.6491
70.6491 70.6491
70.6491 70.6491
70.6491 70.6491
70.6491 70.6491
70.6491 70.6491
70.6491 70.6491
70.6491 70.6491
70.6491 70.6491
70.6491 70.6491
70.6491 70.6491
70.6491 70.6491
70.6491 70.6491
70.6491 70.6491
70.6491 70.6491
70.6491 70.6491
70.6491 70.6491
70.6491 70.6491
70.6491 70.6491
70.6491 70.6491
70.6491 70.6491
70.6491 70.6491
70.6491 70.6491
70.6491 70.6491
70.6491 70.6491
70.6491 70.6491
70.6491 70.6491
70.6491 70.6491
70.6491 70.6491
70.6491 70.6491
70.6491 70.6491
70.6491 70.6491
70.6491 70.6491
70.6491 70.6491
70.6491 70.6491
70.6491 70.6491
70.6491 70.6491
70.6491 70.6491
70.6491 70.6491
70.6491 70.6491
70.6491 70.6491
70.6491 70.6491
70.6491 70.6491
70.6491 70.6491
70.6491 70.6491
70.6491 70.6491
70.6491 70.6491
70.6491 70.6491
70.6491 70.6491
70.6491 70.6491
70.6491 70.6491
70.6491 70.6491
70.6491 70.6491
70.6491 70.6491
70.6491 70.6491
70.6491 70.6491
70.6491 70.6491
70.6491 70.6491
70.6491 70.6491
70.6491 70.6491
70.6491 70.6491
70.6491 70.6491
70.6491 70.6491
70.6491 70.6491
70.6491 70.6491
70.6491 70.6491
70.6491 70.6491
70.6491 70.6491
70.6491 70.6491
70.6491 70.6491
70.6491 70.6491
70.6491 70.6491
70.6491 70.6491
70.6491 70.6491
70.6491 70.6491
70.6491 70.6491
70.6491 70.6491
70.6491 70.6491
70.6491 70.6491
70.6491 70.6491
70.6491 70.6491
70.6491 70.6491
70.6491 70.6491
70.6491 70.6491
70.6491 70.6491
70.6491 70.6491
70.6491 70.6491
70.6491 70.6491
70.6491 70.6491
70.6491 70.6491
70.6491 70.6491
70.6491 70.6491
70.6491 70.6491
70.6491 70.6491
70.6491 70.6491
70.6491 70.6491
70.6491 70.6491
70.6491 70.6491
70.6491 70.6491
70.6491 70.6491
70.6491 70.6491
70.6491 70.6491
70.6491 70.6491
70.6491 70.6491
70.6491 70.6491
70.6491 70.6491
70.6491 70.6491
70.6491 70.6491
70.6491 70.6491
70.6491 70.6491
70.6491 70.6491
70.6491 70.6491
70.6491 70.6491
70.6491 70.6491
70.6491 70.6491
70.6491 70.6491
70.6491 70.6491
70.6491 70.6491
70.6491 70.6491
70.6491 70.6491
70.6491 70.6491
70.6491 70.6491
70.6491 70.6491
70.6491 70.6491
70.6491 70.6491
70.6491 70.6491
70.6491 70.6491
70.6491 70.6491
70.6491 70.6491
70.6491 70.6491
70.6491 70.6491
70.6491 70.6491
70.6491 70.6491
70.6491 70.6491
70.6491 70.6491
70.6491 70.6491
70.6491 70.6491
70.6491 70.6491
70.6491 70.6491
70.6491 70.6491
70.6491 70.6491
70.6491 70.6491
70.6491 70.6491
70.6491 70.6491
70.6491 70.6491
70.607 70.649
70.607 70.6448
70.607 70.6314
70.607 70.6121
70.607 70.607
70.607 70.607
70.607 70.607
70.607 70.607
70.607 70.607
70.607 70.607
70.607 70.607
70.607 70.607
70.607 70.607
70.607 70.607
70.607 70.607
70.607 70.607
70.607 70.607
70.607 70.607
70.5068 70.6068
70.5068 70.5851
70.5068 70.521
70.5068 70.5068
70.5068 70.5068
70.5068 70.5068
70.5068 70.5068
70.4792 70.5067
70.4792 70.5044
70.4792 71.1514
70.4792 70.5505
70.4792 71.3033
70.4126 71.7422
70.4126 71.9561
70.4126 72.0663
70.4126 70.5916
70.4126 70.4126
70.4126 70.4126
70.4126 70.4126
70.4126 70.4126
70.4126 70.4126
70.4126 70.4126
70.4126 70.4126
70.4126 70.4644
70.4126 71.1678
70.4126 70.4126
70.4126 70.4126
70.4126 70.4126
70.4126 70.4126
70.4126 70.4126
70.4126 70.4126
70.4126 70.4126
70.4126 70.4126
70.4126 70.4126
70.4126 70.4126
70.4126 70.4126
70.4126 70.4126
70.4126 70.4126
70.4126 70.4126
70.4126 70.4126
70.4126 70.4126
70.4126 70.4126
70.4126 70.4126
70.4126 70.4126
70.4126 70.4126
70.4126 70.4126
70.4126 70.4126
70.4126 70.4126
70.4126 70.4126
70.4126 70.4126
70.4126 70.4126
70.4126 70.4126
70.4126 70.4126
70.4126 70.4126
70.4126 70.4126
70.4126 70.4126
70.4126 70.4126
70.4126 70.4126
70.4126 70.4126
70.4126 70.4126
70.4126 70.4126
70.4126 70.4126
70.4126 70.4126
70.4126 70.4126
70.4126 70.4126
70.4126 70.4126
70.4126 70.4126
70.4126 70.4126
70.4126 70.4126
70.4126 70.4126
70.4126 70.4126
70.4126 70.4126
70.4126 70.4126
70.4126 70.4126
70.4126 70.4126
70.4126 70.4126
70.4126 70.4126
70.4126 70.4126
70.4126 70.4126
70.4126 70.4126
70.4126 70.4126
70.4126 70.4126
70.4126 70.4126
70.4126 70.4126
70.4126 70.4126
70.4126 70.4126
70.4126 70.4126
70.4126 70.4126
70.4126 70.4126
70.4126 70.4126
70.4126 70.4126
70.4126 70.4126
70.4126 70.4126
70.4126 70.4126
70.4126 70.4126
70.4126 70.4126
70.4126 70.4126
70.4126 70.4126
70.4126 70.4126
70.4126 70.4126
70.4126 70.4126
70.4126 70.4126
70.4126 70.4126
70.4126 70.4126
70.4126 70.4126
70.4126 70.4126
70.4126 70.4126
70.4126 70.4126
70.4126 70.4126
70.4126 70.4126
70.4126 70.4126
70.4126 70.4126
70.4126 70.4126
70.4126 70.4126
70.4126 70.4126
70.4126 70.4126
70.4126 70.4126
70.4126 70.4126
70.4126 70.4126
70.4126 70.4126
70.4126 70.4126
70.4126 70.4126
70.4126 70.4126
70.4126 70.4126
70.4126 70.4126
70.4126 70.4126
70.4126 70.4126
70.4126 70.4126
70.4126 70.4126
70.4126 70.4126
70.4126 70.4126
70.4126 70.4126
70.4126 70.4126
70.4126 70.4126
70.4126 70.4126
70.4126 70.4126
70.4126 70.4126
70.4126 70.4126
70.4126 70.4126
70.4126 70.4126
70.4126 70.4126
70.4126 70.4126
70.4126 70.4126
70.4126 70.4126
70.4126 70.4126
70.4126 70.4126
70.4126 70.4126
70.4126 70.4126
70.4126 70.4126
70.4126 70.4126
70.4126 70.4126
70.4126 70.4126
70.4126 70.4126
70.4126 70.4126
70.4126 70.4126
70.4126 70.4126
70.4126 70.4126
70.4126 70.4126
70.4126 70.4126
70.4126 70.4126
70.4126 70.4126
70.4126 70.4126
70.4126 70.4126
70.4126 70.4126
70.4126 70.4126
70.4126 70.4126
70.4126 70.4126
70.4126 70.4126
70.4126 70.4126
70.4126 70.4126
70.4126 70.4126
70.4126 70.4126
70.4126 70.4126
70.4126 70.4126
70.4126 70.4126
70.4126 70.4126
70.4126 70.4126
70.4126 70.4126
70.4126 70.4126
70.4126 70.4126
70.4126 70.4126
70.4126 70.4126
70.4126 70.4126
70.4126 70.4126
70.4126 70.4126
70.4126 70.4126
70.4126 70.4126
70.4126 70.4126
70.4126 70.4126
70.1458 70.4121
70.1458 70.3464
70.1458 70.1783
70.1458 70.1458
70.1458 70.1458
70.1458 70.1458
70.1458 70.1458
70.1458 70.1458
70.1458 70.1458
70.1458 70.1458
70.1458 70.1458
70.1458 70.1458
70.1458 70.1458
70.1458 70.1458
70.1458 70.1458
70.1458 70.1458
70.1458 70.1458
70.1458 70.1458
70.1458 70.1458
70.1458 70.1458
70.1458 70.1458
70.1458 70.1458
70.1458 70.1458
70.1458 70.1458
70.1458 70.1458
70.1458 70.1458
70.1458 70.1458
70.1458 70.1458
70.1458 70.1458
70.1458 70.1458
70.1458 70.1458
70.1458 70.1458
70.1458 70.1458
70.1458 70.1458
70.1458 70.1458
70.1458 70.1458
70.1458 70.1458
70.1458 70.1458
70.1458 70.1458
70.1458 70.1458
70.1458 70.1458
70.1458 70.1458
70.1458 70.1458
70.1458 70.1458
70.1458 70.1458
70.1458 70.1458
70.1458 70.1458
70.1458 70.1458
70.1458 70.1458
70.1458 70.1458
70.1458 70.1458
70.1458 70.1458
70.1458 70.1458
70.1458 70.1458
70.1458 70.1458
70.1458 70.1458
70.1458 70.1458
70.1458 70.1458
70.1458 70.1458
70.1458 70.1458
70.1458 70.1458
70.1458 70.1458
70.1458 70.1458
70.1458 70.1458
70.1458 70.1458
70.1458 70.1458
70.1458 70.1458
70.1458 70.1458
70.1458 70.1458
70.1458 70.1458
70.1458 70.1458
70.1458 70.1458
70.1458 70.1458
70.1458 70.1458
70.1458 70.1458
70.1458 70.1458
70.1458 70.1458
70.1458 70.1458
70.1458 70.1458
70.1458 70.1458
70.1458 70.1458
70.1458 70.1458
70.1458 70.1458
70.1458 70.1458
70.1458 70.1458
70.1458 70.1458
70.1458 70.1458
70.1458 70.1458
70.1458 70.1458
70.1458 70.1458
70.1458 70.1458
70.1458 70.1458
70.1323 70.1457
70.1323 70.1444
70.1323 70.1394
70.1323 70.1327
70.1323 70.1323
70.1323 70.1323
70.1323 70.1323
70.1323 70.1323
70.1323 70.1323
70.1323 70.1323
70.1323 70.1323
70.1323 70.1323
70.1323 70.1323
70.1323 70.1323
70.1323 70.1323
70.1323 70.1323
70.1323 70.1323
70.1323 70.1323
70.1323 70.1323
70.1323 70.1323
70.1323 70.1323
70.1323 70.1323
70.1323 70.1323
70.1323 70.1323
70.1323 70.1323
70.1323 70.1323
70.1323 70.1323
70.1323 70.1323
70.1323 70.1323
70.1323 70.1323
70.1323 70.1323
70.1323 70.1323
70.1323 70.1323
70.1323 70.1323
70.1323 70.1323
70.1323 70.1323
70.1323 70.1323
70.1323 70.1323
70.1323 70.1323
70.1323 70.1323
70.1323 70.1323
70.1323 70.1323
70.1323 70.1323
70.1323 70.1323
70.1323 70.1323
70.1323 70.1323
70.1323 70.1323
70.1323 70.1323
70.1323 70.1323
70.1323 70.1323
70.1323 70.1323
70.1323 70.1323
70.1323 70.1323
70.1323 70.1323
70.1323 70.1323
70.1323 70.1323
70.1323 70.1323
70.1323 70.1323
70.1323 70.1323
70.1323 70.1323
70.1323 70.1323
70.1323 70.1323
70.1323 70.1323
70.1323 70.1323
70.1323 70.1323
70.1323 70.1323
70.1323 70.1323
70.1323 70.1323
70.1323 70.1323
70.1323 70.1323
70.1323 70.1323
70.1323 70.1323
70.1323 70.1323
70.1323 70.1323
70.1323 70.1323
70.1323 70.1323
70.1323 70.1323
70.1323 70.1323
70.1323 70.1323
70.1323 70.1323
70.1323 70.1323
70.1323 70.1323
70.1323 70.1323
70.1323 70.1323
70.1323 70.1323
70.1323 70.1323
70.1323 70.1323
70.1323 70.1323
70.1323 70.1323
70.1323 70.1323
70.1323 70.1323
70.1323 70.1323
70.1323 70.1323
70.1323 70.1323
70.1323 70.1323
70.1323 70.1323
70.1323 70.1323
70.1323 70.1323
70.1323 70.1323
70.1323 70.1323
70.1323 70.1323
70.1323 70.1323
70.1323 70.1323
70.1323 70.1323
70.1323 70.1323
70.1323 70.1323
70.1323 70.1323
70.1323 70.1323
70.1323 70.1323
70.1323 70.1323
70.1323 70.1323
70.1323 70.1323
70.1323 70.1323
70.1323 70.1323
70.1323 70.1323
70.1323 70.1323
70.1323 70.1323
70.1323 70.1323
70.1323 70.1323
70.1323 70.1323
70.1323 70.1323
70.1323 70.1323
70.1323 70.1323
70.1323 70.1323
70.1323 70.1323
70.1323 70.1323
70.1323 70.1323
70.1323 70.1323
70.1323 70.1323
70.1323 70.1323
70.1323 70.1323
70.1323 70.1323
70.1323 70.1323
70.1323 70.1323
70.1323 70.1323
70.1323 70.1323
70.1323 70.1323
70.1323 70.1323
70.1323 70.1323
70.1323 70.1323
70.1323 70.1323
70.1323 70.1323
70.1323 70.1323
70.1323 70.1323
70.1323 70.1323
70.1323 70.1323
70.1323 70.1323
70.1323 70.1323
70.1323 70.1323
70.1323 70.1323
70.1323 70.1323
70.1323 70.1323
70.1323 70.1323
70.1323 70.1323
70.1323 70.1323
70.1323 70.1323
70.1323 70.1323
70.1323 70.1323
70.1323 70.1323
70.1323 70.1323
70.1323 70.1323
70.1323 70.1323
70.1323 70.1323
70.1323 70.1323
70.1323 70.1323
70.1323 70.1323
70.1323 70.1323
70.1323 70.1323
70.1323 70.1323
70.1323 70.1323
70.1323 70.1323
70.1323 70.1323
70.1323 70.1323
70.1323 70.1323
70.1323 70.1323
70.1323 70.1323
70.1323 70.1323
70.1323 70.1323
70.1323 70.1323
70.1323 70.1323
70.1323 70.1323
70.1323 70.1323
70.1323 70.1323
70.1323 70.1323
70.1323 70.1323
70.1323 70.1323
70.1323 70.1323
70.1323 70.1323
70.1323 70.1323
70.1323 70.1323
70.1323 70.1323
70.1323 70.1323
70.1323 70.1323
70.1323 70.1323
70.1323 70.1323
70.1323 70.1323
70.1323 70.1323
70.1323 70.1323
70.1323 70.1323
70.1323 70.1323
70.1323 70.1323
70.1323 70.1323
70.1323 70.1323
70.1323 70.1323
70.1323 70.1323
70.1323 70.1323
70.1323 70.1323
70.1323 70.1323
70.1323 70.1323
70.1323 70.1323
70.1323 70.1323
70.1323 70.1323
70.1323 70.1323
70.1323 70.1323
70.1323 70.1323
70.1323 70.1323
70.1323 70.1323
70.1323 70.1323
70.1323 70.1323
70.1323 70.1323
70.1323 70.1323
70.1323 70.1323
70.1323 70.1323
70.1323 70.1323
70.1323 70.1323
70.1323 70.1323
70.1323 70.1323
70.1323 70.1323
70.1323 70.1323
70.1323 70.1323
70.1323 70.1323
70.1323 70.1323
70.1323 70.1323
70.1323 70.1323
70.1323 70.1323
70.1323 70.1323
70.1323 70.1323
70.1323 70.1323
70.1323 70.1323
70.1323 70.1323
70.1323 70.1323
70.1323 70.1323
70.1323 70.1323
70.1323 70.1323
70.1323 70.1323
70.1323 70.1323
70.1323 70.1323
70.1323 70.1323
70.1323 70.1323
70.1323 70.1323
70.1323 70.1323
70.1323 70.1323
70.1323 70.1323
70.1323 70.1323
70.1323 70.1323
70.1323 70.1323
70.1323 70.1323
70.1323 70.1323
70.1323 70.1323
70.1323 70.1323
70.1323 70.1323
70.1323 70.1323
70.1323 70.1323
70.1323 70.1323
70.1323 70.1323
70.1323 70.1323
70.1323 70.1323
70.1323 70.1323
70.1323 70.1323
70.1323 70.1323
70.1323 70.1323
70.1323 70.1323
70.1323 70.1323
70.1323 70.1323
70.1323 70.1323
70.1323 70.1323
70.1323 70.1323
70.1323 70.1323
70.1323 70.1323
70.1323 70.1323
70.1323 70.1323
70.1323 70.1323
70.1323 70.1323
70.1323 70.1323
70.1323 70.1323
70.1323 70.1323
70.1323 70.1323
70.1323 70.1323
70.1323 70.1323
70.1323 70.1323
70.1323 70.1323
70.1323 70.1323
70.1323 70.1323
70.1323 70.1323
70.1323 70.1323
70.1323 70.1323
70.1323 70.1323
70.1323 70.1323
70.1323 70.1323
70.1323 70.1323
70.1323 70.1323
70.1323 70.1323
70.1323 70.1323
70.1323 70.1323
70.1323 70.1323
70.1323 70.1323
70.1323 70.1323
70.1323 70.1323
70.1323 70.1323
70.1323 70.1323
70.1323 70.1323
70.1323 70.1323
70.1323 70.1323
70.1323 70.1323
70.1323 70.1323
70.1323 70.1323
70.1323 70.1323
70.1323 70.1323
70.1323 70.1323
69.799 70.1317
69.799 70.031
69.799 69.804
69.799 69.799
69.799 69.799
69.799 69.799
69.799 69.799
69.799 69.799
69.799 69.799
69.799 69.799
69.799 69.799
69.799 69.799
69.799 69.799
69.799 69.799
69.799 69.799
69.799 69.799
69.799 69.799
69.799 69.799
69.799 69.799
69.799 69.799
69.799 69.799
69.799 69.799
69.799 69.799
69.799 69.799
69.799 69.799
69.799 69.799
69.799 69.799
69.799 69.799
69.799 69.799
69.799 69.799
69.799 69.799
69.799 69.799
69.799 69.799
69.799 69.799
69.799 69.799
69.799 69.799
69.799 69.799
69.799 69.799
69.799 69.799
69.799 69.799
69.799 69.799
69.799 69.799
69.799 69.799
69.799 69.799
69.799 69.799
69.799 69.799
69.799 69.799
69.799 69.799
69.799 69.799
69.799 69.799
69.799 69.799
69.799 69.799
69.799 69.799
69.799 69.799
69.799 69.799
69.799 69.799
69.799 69.799
69.799 69.799
69.799 69.799
69.799 69.799
69.799 69.799
69.799 69.799
69.799 69.799
69.799 69.799
69.799 69.799
69.799 69.799
69.799 69.799
69.799 69.799
69.799 69.799
69.799 69.799
69.799 69.799
69.799 69.799
69.799 69.799
69.799 69.799
69.799 69.799
69.799 69.799
69.799 69.799
69.799 69.799
69.799 69.799
69.799 69.799
69.799 69.799
69.799 69.799
69.799 69.799
69.799 69.799
69.799 69.799
69.799 69.799
69.799 69.799
69.799 69.799
69.799 69.799
69.799 69.799
69.799 69.799
69.799 69.799
69.799 69.799
69.799 69.799
69.799 69.799
69.799 69.799
69.799 69.799
69.799 69.799
69.799 69.799
69.799 69.799
69.799 69.799
69.799 69.799
69.799 69.799
69.799 69.799
69.799 69.799
69.799 69.799
69.799 69.799
69.799 69.799
69.799 69.799
69.799 69.799
69.799 69.799
69.799 69.799
69.799 69.799
69.799 69.799
69.799 69.799
69.799 69.799
69.799 69.799
69.799 69.799
69.799 69.799
69.799 69.799
69.799 69.799
69.799 69.799
69.799 69.799
69.799 69.799
69.799 69.799
69.799 69.799
69.799 69.799
69.799 69.799
69.799 69.799
69.799 69.799
69.799 69.799
69.799 69.799
69.799 69.799
69.799 69.799
69.799 69.799
69.799 69.799
69.799 69.799
69.799 69.799
69.799 69.799
69.799 69.799
69.799 69.799
69.799 69.799
69.799 69.799
69.799 69.799
69.799 69.799
69.799 69.799
69.799 69.799
69.799 69.799
69.799 69.799
69.799 69.799
69.799 69.799
69.799 69.799
69.799 69.799
69.799 69.799
69.799 69.799
69.799 69.799
69.799 69.799
69.799 69.799
69.799 69.799
69.799 69.799
69.799 69.799
69.799 69.799
69.799 69.799
69.799 69.799
69.799 69.799
69.799 69.799
69.799 69.799
69.799 69.799
69.799 69.799
69.799 69.799
69.799 69.799
69.799 69.799
69.799 69.799
69.799 69.799
69.799 69.799
69.799 69.799
69.799 69.799
69.799 69.799
69.799 69.799
69.799 69.799
69.799 69.799
69.799 69.799
69.799 69.799
69.799 69.799
69.799 69.799
69.799 69.799
69.799 69.799
69.799 69.799
69.799 69.799
69.799 69.799
69.799 69.799
69.799 69.799
69.799 69.799
69.799 69.799
69.799 69.799
69.799 69.799
69.799 69.799
69.799 69.799
69.799 69.799
69.799 69.799
69.799 69.799
69.799 69.799
69.799 69.799
69.799 69.799
69.799 69.799
69.799 69.799
69.799 69.799
69.799 69.799
69.799 69.799
69.799 69.799
69.799 69.799
69.799 69.799
69.799 69.799
69.799 69.799
69.799 69.799
69.799 69.799
69.799 69.799
69.799 69.799
69.799 69.799
69.799 69.799
69.799 69.799
69.799 69.799
69.799 69.799
69.799 69.799
69.799 69.799
69.799 69.799
69.799 69.799
69.799 69.799
69.799 69.799
69.799 69.799
69.799 69.799
69.799 69.799
69.799 69.799
69.799 69.799
69.799 69.799
69.799 69.799
69.799 69.799
69.799 69.799
69.799 69.799
69.799 69.799
69.799 69.799
69.799 69.799
69.799 69.799
69.799 69.799
69.799 69.799
69.799 69.799
69.799 69.799
69.799 69.799
69.799 69.799
69.799 69.799
69.799 69.799
69.799 69.799
69.799 69.799
69.799 69.799
69.799 69.799
69.799 69.799
69.799 69.799
69.799 69.799
69.799 69.799
69.799 69.799
69.799 69.799
69.799 69.799
69.799 69.799
69.799 69.799
69.799 69.799
69.799 69.799
69.799 69.799
69.799 69.799
69.799 69.799
69.799 69.799
69.799 69.799
69.799 69.799
69.799 69.799
69.799 69.799
69.799 69.799
69.799 69.799
69.799 69.799
69.799 69.799
69.799 69.799
69.799 69.799
69.799 69.799
69.799 69.799
69.799 69.799
69.799 69.799
69.799 69.799
69.799 69.799
69.799 69.799
69.799 69.799
69.799 69.799
69.799 69.799
69.799 69.799
69.799 69.799
69.799 69.799
69.799 69.799
69.799 69.799
69.799 69.799
69.799 69.799
69.799 69.799
69.799 69.799
69.799 69.799
69.799 69.799
69.799 69.799
69.799 69.799
69.799 69.799
69.799 69.799
69.799 69.799
69.799 69.799
69.799 69.799
69.799 69.799
69.799 69.799
69.799 69.799
69.799 69.799
69.799 69.799
69.799 69.799
69.799 69.799
69.799 69.799
69.799 69.799
69.799 69.799
69.799 69.799
69.799 69.799
69.799 69.799
69.799 69.799
69.799 69.799
69.799 69.799
69.799 69.799
69.799 69.799
69.799 69.799
69.799 69.799
69.799 69.799
69.799 69.799
69.799 69.799
69.799 69.799
69.799 69.799
69.799 69.799
69.799 69.799
69.799 69.799
69.799 69.799
69.799 69.799
69.799 69.799
69.799 69.799
69.799 69.799
69.799 69.799
69.799 69.799
69.799 69.799
69.799 69.799
69.799 69.799
69.799 69.799
69.799 69.799
69.799 69.799
69.799 69.799
69.799 69.799
69.799 69.799
69.799 69.799
69.799 69.799
69.799 69.799
69.799 69.799
69.799 69.799
69.799 69.799
69.799 69.799
69.799 69.799
69.799 69.799
69.799 69.799
69.799 69.799
69.799 69.799
69.799 69.799
69.799 69.799
69.799 69.799
69.799 69.799
69.799 69.799
69.799 69.799
69.799 69.799
69.799 69.799
69.799 69.799
69.799 69.799
69.799 69.799
69.799 69.799
69.799 69.799
69.799 69.799
69.799 69.799
69.799 69.799
69.799 69.799
69.799 69.799
69.799 69.799
69.799 69.799
69.799 69.799
69.799 69.799
69.799 69.799
69.799 69.799
69.799 69.799
69.799 69.799
69.799 69.799
69.799 69.799
69.799 69.799
69.799 69.799
69.799 69.799
69.799 69.799
69.799 69.799
69.799 69.799
69.799 69.799
69.799 69.799
69.799 69.799
69.799 69.799
69.799 69.799
69.799 69.799
69.799 69.799
69.799 69.799
69.799 69.799
69.799 69.799
69.799 69.799
69.799 69.799
69.799 69.799
69.799 69.799
69.799 69.799
69.799 69.799
69.799 69.799
69.799 69.799
69.799 69.799
69.799 69.799
69.799 69.799
69.799 69.799
69.799 69.799
69.799 69.799
69.799 69.799
69.799 69.799
69.799 69.799
69.799 69.799
69.799 69.799
69.799 69.799
69.799 69.799
69.799 69.799
69.799 69.799
69.799 69.799
69.799 69.799
69.799 69.799
69.799 69.799
69.799 69.799
69.799 69.799
69.799 69.799
69.799 69.799
69.799 69.799
69.799 69.799
69.799 69.799
69.799 69.799
69.799 69.799
69.799 69.799
69.799 69.799
69.799 69.799
69.799 69.799
69.799 69.799
69.799 69.799
69.799 69.799
69.799 69.799
69.799 69.799
69.799 69.799
69.799 69.799
69.799 69.799
69.799 69.799
69.799 69.799
69.799 69.799
69.799 69.799
69.799 69.799
69.799 69.799
69.799 69.799
69.799 69.799
69.799 69.799
69.799 69.799
69.799 69.799
69.799 69.799
69.799 69.799
69.799 69.799
69.799 69.799
69.799 69.799
69.799 69.799
69.799 69.799
69.799 69.799
69.799 69.799
69.799 69.799
69.799 69.799
69.799 69.799
69.799 69.799
69.799 69.799
69.1059 69.7976
69.1059 69.6687
69.1059 69.2381
69.1059 69.1059
69.1059 69.1059
69.1059 69.1059
69.1059 69.1059
69.1059 69.1059
69.1059 69.1059
69.1059 69.1059
69.1059 69.1059
69.1059 69.1059
69.1059 69.1059
69.1059 69.1059
69.1059 69.1059
69.1059 69.1059
69.1059 69.1059
69.1059 69.1059
69.1059 69.1059
69.1059 69.1059
69.1059 69.1059
69.1059 69.1059
69.1059 69.1059
69.1059 69.1059
69.1059 69.1059
69.1059 69.1059
69.1059 69.1059
69.1059 69.1059
69.1059 69.1059
69.1059 69.1059
69.1059 69.1059
69.1059 69.1059
69.1059 69.1059
69.1059 69.1059
69.1059 69.1059
69.1059 69.1059
69.1059 69.1059
69.1059 69.1059
69.1059 69.1059
69.1059 69.1059
69.1059 69.1059
69.1059 69.1059
69.1059 69.1059
69.1059 69.1059
69.1059 69.1059
69.1059 69.1059
69.1059 69.1059
69.1059 69.1059
69.1059 69.1059
69.1059 69.1059
69.1059 69.1059
69.1059 69.1059
69.1059 69.1059
69.1059 69.1059
69.1059 69.1059
69.1059 69.1059
69.1059 69.1059
69.1059 69.1059
69.1059 69.1059
69.1059 69.1059
69.1059 69.1059
69.1059 69.1059
69.1059 69.1059
69.1059 69.1059
69.1059 69.1059
69.1059 69.1059
69.1059 69.1059
69.1059 69.1059
69.1059 69.1059
69.1059 69.1059
69.1059 69.1059
69.1059 69.1059
69.1059 69.1059
69.1059 69.1059
69.1059 69.1059
69.1059 69.1059
69.1059 69.1059
69.1059 69.1059
69.1059 69.1059
69.1059 69.1059
69.1059 69.1059
69.1059 69.1059
69.1059 69.1059
69.1059 69.1059
69.1059 69.1059
69.1059 69.1059
69.1059 69.1059
69.1059 69.1059
69.1059 69.1059
69.1059 69.1059
69.1059 69.1059
69.1059 69.1059
69.1059 69.1059
69.1059 69.1059
69.1059 69.1059
69.1059 69.1059
69.1059 69.1059
69.1059 69.1059
69.1059 69.1059
69.1059 69.1059
69.1059 69.1059
69.1059 69.1059
69.1059 69.1059
69.1059 69.1059
69.1059 69.1059
69.1059 69.1059
69.1059 69.1059
69.1059 69.1059
69.1059 69.1059
69.1059 69.1059
69.1059 69.1059
69.1059 69.1059
69.1059 69.1059
69.1059 69.1059
69.1059 69.1059
69.1059 69.1059
69.1059 69.1059
69.1059 69.1059
69.1059 69.1059
69.1059 69.1059
69.1059 69.1059
69.1059 69.1059
69.1059 69.1059
69.1059 69.1059
69.1059 69.1059
69.1059 69.1059
69.1059 69.1059
69.1059 69.1059
69.1059 69.1059
69.1059 69.1059
69.1059 69.1059
69.1059 69.1059
69.1059 69.1059
69.1059 69.1059
69.1059 69.1059
69.1059 69.1059
69.1059 69.1059
69.1059 69.1059
69.1059 69.1059
69.1059 69.1059
69.1059 69.1059
69.1059 69.1059
69.1059 69.1059
69.1059 69.1059
69.1059 69.1059
69.1059 69.1059
69.1059 69.1059
69.1059 69.1059
69.1059 69.1059
69.1059 69.1059
69.1059 69.1059
69.1059 69.1059
69.1059 69.1059
69.1059 69.1059
69.1059 69.1059
69.1059 69.1059
69.1059 69.1059
69.1059 69.1059
69.1059 69.1059
69.1059 69.1059
69.1059 69.1059
69.1059 69.1059
69.1059 69.1059
69.1059 69.1059
69.1059 69.1059
69.1059 69.1059
69.1059 69.1059
69.1059 69.1059
69.1059 69.1059
69.1059 69.1059
69.1059 69.1059
69.1059 69.1059
69.1059 69.1059
69.1059 69.1059
69.1059 69.1059
69.1059 69.1059
69.1059 69.1059
69.1059 69.1059
69.1059 69.1059
69.1059 69.1059
69.1059 69.1059
69.1059 69.1059
69.1059 69.1059
69.1059 69.1059
69.1059 69.1059
69.1059 69.1059
69.1059 69.1059
69.1059 69.1059
69.1059 69.1059
69.1059 69.1059
69.1059 69.1059
69.1059 69.1059
69.1059 69.1059
69.1059 69.1059
69.1059 69.1059
69.1059 69.1059
69.1059 69.1059
69.1059 69.1059
69.1059 69.1059
69.1059 69.1059
69.1059 69.1059
69.1059 69.1059
69.1059 69.1059
69.1059 69.1059
69.1059 69.1059
69.1059 69.1059
69.1059 69.1059
69.1059 69.1059
69.1059 69.1059
69.1059 69.1059
69.1059 69.1059
69.1059 69.1059
69.1059 69.1059
69.1059 69.1059
69.1059 69.1059
69.1059 69.1059
69.1059 69.1059
69.1059 69.1059
69.1059 69.1059
69.1059 69.1059
69.1059 69.1059
69.1059 69.1059
69.1059 69.1059
69.1059 69.1059
69.1059 69.1059
69.1059 69.1059
69.1059 69.1059
69.1059 69.1059
69.1059 69.1059
69.1059 69.1059
69.1059 69.1059
69.1059 69.1059
69.1059 69.1059
69.1059 69.1059
69.1059 69.1059
69.1059 69.1059
69.1059 69.1059
69.1059 69.1059
69.1059 69.1059
69.1059 69.1059
69.1059 69.1059
69.1059 69.1059
69.1059 69.1059
69.1059 69.1059
69.1059 69.1059
69.1059 69.1059
69.1059 69.1059
69.1059 69.1059
69.1059 69.1059
69.1059 69.1059
69.1059 69.1059
69.1059 69.1059
69.1059 69.1059
69.1059 69.1059
69.1059 69.1059
69.1059 69.1059
69.1059 69.1059
69.1059 69.1059
69.1059 69.1059
69.1059 69.1059
69.1059 69.1059
69.1059 69.1059
69.1059 69.1059
69.1059 69.1059
69.1059 69.1059
69.1059 69.1059
69.1059 69.1059
69.1059 69.1059
69.1059 69.1059
69.1059 69.1059
69.1059 69.1059
69.1059 69.1059
69.1059 69.1059
69.1059 69.1059
69.1059 69.1059
69.1059 69.1059
69.1059 69.1059
69.1059 69.1059
69.1059 69.1059
69.1059 69.1059
69.1059 69.1059
69.1059 69.1059
69.1059 69.1059
69.1059 69.1059
69.1059 69.1059
69.1059 69.1059
69.1059 69.1059
69.1059 69.1059
69.1059 69.1059
69.1059 69.1059
69.1059 69.1059
69.1059 69.1059
69.1059 69.1059
69.1059 69.1059
69.1059 69.1059
69.1059 69.1059
69.1059 69.1059
69.1059 69.1059
69.1059 69.1059
69.1059 69.1059
69.1059 69.1059
69.1059 69.1059
69.1059 69.1059
69.1059 69.1059
69.1059 69.1059
69.1059 69.1059
69.1059 69.1059
69.1059 69.1059
69.1059 69.1059
69.1059 69.1059
69.1059 69.1059
69.1059 69.1059
69.1059 69.1059
69.1059 69.1059
69.1059 69.1059
69.1059 69.1059
69.1059 69.1059
69.1059 69.1059
69.1059 69.1059
69.1059 69.1059
69.1059 69.1059
69.1059 69.1059
69.1059 69.1059
69.1059 69.1059
69.1059 69.1059
69.1059 69.1059
69.1059 69.1059
69.1059 69.1059
69.1059 69.1059
69.1059 69.1059
69.1059 69.1059
69.1059 69.1059
69.1059 69.1059
69.1059 69.1059
69.1059 69.1059
69.1059 69.1059
69.1059 69.1059
69.1059 69.1059
69.1059 69.1059
69.1059 69.1059
69.1059 69.1059
69.1059 69.1059
69.1059 69.1059
69.1059 69.1059
69.1059 69.1059
69.1059 69.1059
69.1059 69.1059
69.1059 69.1059
69.1059 69.1059
69.1059 69.1059
69.1059 69.1059
69.1059 69.1059
69.1059 69.1059
69.1059 69.1059
69.1059 69.1059
69.1059 69.1059
69.1059 69.1059
69.1059 69.1059
69.1059 69.1059
69.1059 69.1059
69.1059 69.1059
69.1059 69.1059
69.1059 69.1059
69.1059 69.1059
69.1059 69.1059
69.1059 69.1059
69.1059 69.1059
69.1059 69.1059
69.1059 69.1059
69.1059 69.1059
69.1059 69.1059
69.1059 69.1059
69.1059 69.1059
69.1059 69.1059
69.1059 69.1059
69.1059 69.1059
69.1059 69.1059
69.1059 69.1059
69.1059 69.1059
69.1059 69.1059
69.1059 69.1059
69.1059 69.1059
69.1059 69.1059
69.1059 69.1059
69.1059 69.1059
69.1059 69.1059
69.1059 69.1059
69.1059 69.1059
69.1059 69.1059
69.1059 69.1059
69.1059 69.1059
69.1059 69.1059
69.1059 69.1059
69.1059 69.1059
69.1059 69.1059
69.1059 69.1059
69.1059 69.1059
69.1059 69.1059
69.1059 69.1059
69.1059 69.1059
69.1059 69.1059
69.1059 69.1059
69.1059 69.1059
69.1059 69.1059
69.1059 69.1059
69.1059 69.1059
69.1059 69.1059
69.1059 69.1059
69.1059 69.1059
69.1059 69.1059
69.1059 69.1059
69.1059 69.1059
69.1059 69.1059
69.1059 69.1059
69.1059 69.1059
69.1059 69.1059
69.1059 69.1059
69.1059 69.1059
69.1059 69.1059
69.1059 69.1059
69.1059 69.1059
69.1059 69.1059
69.1059 69.1059
69.1059 69.1059
69.1059 69.1059
69.1059 69.1059
69.1059 69.1059
69.1059 69.1059
69.1059 69.1059
69.1059 69.1059
69.1059 69.1059
69.1059 69.1059
69.1059 69.1059
69.1059 69.1059
69.1059 69.1059
69.1059 69.1059
69.1059 69.1059
69.1059 69.1059
69.1059 69.1059
69.1059 69.1059
69.1059 69.1059
69.1059 69.1059
69.1059 69.1059
69.1059 69.1059
69.1059 69.1059
69.1059 69.1059
69.1059 69.1059
69.1059 69.1059
69.1059 69.1059
69.1059 69.1059
69.1059 69.1059
69.1059 69.1059
69.1059 69.1059
69.1059 69.1059
69.1059 69.1059
69.1059 69.1059
69.1059 69.1059
69.1059 69.1059
69.1059 69.1059
69.1059 69.1059
69.1059 69.1059
69.1059 69.1059
69.1059 69.1059
69.1059 69.1059
69.1059 69.1059
69.1059 69.1059
69.1059 69.1059
69.1059 69.1059
69.1059 69.1059
69.1059 69.1059
69.1059 69.1059
69.1059 69.1059
69.1059 69.1059
69.1059 69.1059
69.1059 69.1059
69.1059 69.1059
69.1059 69.1059
69.1059 69.1059
69.1059 69.1059
69.1059 69.1059
69.1059 69.1059
69.1059 69.1059
69.1059 69.1059
69.1059 69.1059
69.1059 69.1059
69.1059 69.1059
69.1059 69.1059
69.1059 69.1059
69.1059 69.1059
69.1059 69.1059
69.1059 69.1059
69.1059 69.1059
69.1059 69.1059
69.1059 69.1059
69.1059 69.1059
69.1059 69.1059
69.1059 69.1059
69.1059 69.1059
69.1059 69.1059
69.1059 69.1059
69.1059 69.1059
69.1059 69.1059
69.1059 69.1059
69.1059 69.1059
69.1059 69.1059
69.1059 69.1059
69.1059 69.1059
69.1059 69.1059
69.1059 69.1059
69.1059 69.1059
69.1059 69.1059
69.1059 69.1059
69.1059 69.1059
69.1059 69.1059
69.1059 69.1059
69.1059 69.1059
69.1059 69.1059
69.1059 69.1059
69.1059 69.1059
69.1059 69.1059
69.1059 69.1059
69.1059 69.1059
69.1059 69.1059
69.1059 69.1059
69.1059 69.1059
69.1059 69.1059
69.1059 69.1059
69.1059 69.1059
69.1059 69.1059
69.1059 69.1059
69.1059 69.1059
69.1059 69.1059
69.1059 69.1059
69.1059 69.1059
69.1059 69.1059
69.1059 69.1059
69.1059 69.1059
69.1059 69.1059
69.1059 69.1059
69.1059 69.1059
69.1059 69.1059
69.1059 69.1059
69.1059 69.1059
69.1059 69.1059
69.1059 69.1059
69.1059 69.1059
69.1059 69.1059
69.1059 69.1059
69.1059 69.1059
69.1059 69.1059
69.1059 69.1059
69.1059 69.1059
69.1059 69.1059
69.1059 69.1059
69.1059 69.1059
69.1059 69.1059
69.1059 69.1059
69.1059 69.1059
69.1059 69.1059
69.1059 69.1059
69.1059 69.1059
69.1059 69.1059
69.1059 69.1059
69.1059 69.1059
69.1059 69.1059
69.1059 69.1059
69.1059 69.1059
69.1059 69.1059
69.1059 69.1059
69.1059 69.1059
69.1059 69.1059
69.1059 69.1059
69.1059 69.1059
69.1059 69.1059
69.1059 69.1059
69.1059 69.1059
69.1059 69.1059
69.1059 69.1059
69.1059 69.1059
69.1059 69.1059
69.1059 69.1059
69.1059 69.1059
69.1059 69.1059
69.1059 69.1059
69.1059 69.1059
69.1059 69.1059
69.1059 69.1059
69.1059 69.1059
69.1059 69.1059
69.1059 69.1059
69.1059 69.1059
69.1059 69.1059
69.1059 69.1059
69.1059 69.1059
69.1059 69.1059
69.1059 69.1059
69.1059 69.1059
69.1059 69.1059
69.1059 69.1059
69.1059 69.1059
69.1059 69.1059
69.0142 69.1058
69.0142 69.0909
69.0142 69.0342
69.0142 69.0142
69.0142 69.0142
69.0142 69.0142
69.0142 69.0142
69.0142 69.0142
68.695 69.0135
68.695 68.8731
68.695 68.695
68.695 68.695
68.695 68.695
68.695 68.695
68.695 68.695
68.695 68.695
68.695 68.695
68.695 68.695
68.695 68.695
68.695 68.695
68.695 68.695
68.695 68.695
68.695 68.695
68.695 68.695
68.695 68.695
68.695 68.695
68.695 68.695
68.695 68.695
68.695 68.695
68.695 68.695
68.695 68.695
68.695 68.695
68.695 68.695
68.695 68.695
68.695 68.695
68.695 68.695
68.695 68.695
68.695 68.695
68.695 68.695
68.695 68.695
68.695 68.695
68.695 68.695
68.695 68.695
68.695 68.695
68.695 68.695
68.695 68.695
68.695 68.695
68.695 68.695
68.695 68.695
68.695 68.695
68.695 68.695
68.695 68.695
68.695 68.695
68.695 68.695
68.695 68.695
68.695 68.695
68.695 68.695
68.695 68.695
68.695 68.695
68.695 68.695
68.695 68.695
68.695 68.695
68.695 68.695
68.695 68.695
68.695 68.695
68.695 68.695
68.695 68.695
68.695 68.695
68.695 68.695
68.695 68.695
68.695 68.695
68.695 68.695
68.695 68.695
68.695 68.695
68.695 68.695
68.695 68.695
68.695 68.695
68.695 68.695
68.695 68.695
68.695 68.695
68.695 68.695
68.695 68.695
68.695 68.695
68.695 68.695
68.695 68.695
68.695 68.695
68.695 68.695
68.695 68.695
68.695 68.695
68.695 68.695
68.695 68.695
68.695 68.695
68.695 68.695
68.695 68.695
68.695 68.695
68.695 68.695
68.695 68.695
68.695 68.695
68.695 68.695
68.695 68.695
68.695 68.695
68.695 68.695
68.695 68.695
68.695 68.695
68.695 68.695
68.695 68.695
68.695 68.695
68.695 68.695
68.695 68.695
68.695 68.695
68.695 68.695
68.695 68.695
68.695 68.695
68.695 68.695
68.695 68.695
68.695 68.695
68.695 68.695
68.695 68.695
68.695 68.695
68.695 68.695
68.695 68.695
68.695 68.695
68.695 68.695
68.695 68.695
68.695 68.695
68.695 68.695
68.695 68.695
68.695 68.695
68.695 68.695
68.695 68.695
68.695 68.695
68.695 68.695
68.695 68.695
68.695 68.695
68.695 68.695
68.695 68.695
68.695 68.695
68.695 68.695
68.695 68.695
68.695 68.695
68.695 68.695
68.695 68.695
68.695 68.695
68.695 68.695
68.695 68.695
68.695 68.695
68.695 68.695
68.695 68.695
68.695 68.695
68.695 68.695
68.695 68.695
68.695 68.695
68.695 68.695
68.695 68.695
68.695 68.695
68.695 68.695
68.695 68.695
68.695 68.695
68.695 68.695
