# best_L1 average_L1
422.285 473.174
394.036 455.378
392.955 434.492
379.726 418.723
373.906 407.242
367.473 395.797
360.632 386.157
355.649 378.008
350.076 371.283
346.582 365.742
337.341 358.576
330.958 351.954
320.822 345.439
314.588 338.406
309.865 331.528
305.543 326.47
303.069 320.077
295.418 313.802
291.743 309.512
287.88 303.984
283.016 299.242
282.384 294.262
276.513 290.38
272.366 286.928
267.961 283.89
267.293 280.665
257.621 276.738
255.483 273.018
244.928 268.792
242.519 263.517
240.751 257.436
236.382 252.752
236.165 248.181
228.803 244.697
228.458 241.702
221.107 238.008
221.107 234.338
218.651 230.036
216.588 226.456
215.809 223.452
211.421 221.56
209.193 219.531
204.802 217.755
201.429 214.696
201.429 212.425
198.463 210.414
198.463 208.464
193.332 206.285
193.332 204.005
191.819 201.644
188.546 198.759
188.546 196.69
185.332 194.506
184.791 193.381
184.651 191.565
182.022 189.649
181.339 188.297
179.812 186.294
179.699 184.471
177.963 183.244
177.878 182.052
176.751 181.058
174.81 179.722
173.448 178.662
173.448 177.942
169.869 176.788
169.335 175.542
169.329 173.884
167.778 172.422
167.372 171.823
164.819 170.585
162.417 169.735
160.015 168.854
156.478 167.795
155.252 166.665
153.658 164.772
151.836 161.993
151.836 160.338
150.27 157.708
149.638 155.398
148.665 153.933
148.665 153.114
148.595 151.654
146.815 151.341
146.35 150.417
144.95 149.644
142.931 148.865
142.913 147.489
142.661 146.287
141.704 145.037
141.704 144.18
141.062 143.34
140.776 143.135
137.711 143.619
137.711 143.147
135.275 141.736
134.177 140.388
133.815 138.71
132.237 137.699
131.875 136.107
131.156 134.55
131.017 133.983
130.055 134.096
129.843 132.899
129.243 131.726
128.967 130.87
127.835 130.021
126.579 129.555
124.606 128.991
121.929 128.221
121.194 127.424
120.653 125.372
120.653 123.669
119.247 122.688
117.785 121.383
116.871 120.766
116.767 119.625
116.572 118.778
115.897 118.107
115.052 117.265
114.586 116.655
113.689 116.323
112.735 115.453
112.735 114.738
112.456 114.07
111.201 113.386
110.086 112.917
109.328 112.701
109.295 112.207
108.686 111.56
108.686 111.15
108.686 111.428
108.686 112.253
108.47 112.139
108.47 112.845
108.47 113.01
108.25 113.217
106.957 113.186
106.957 112.056
106.957 113.007
106.957 111.577
106.957 110.773
106.28 108.985
106.206 108.159
104.627 107.386
103.876 106.606
103.199 105.845
103.199 105.384
102.5 104.527
102.5 103.798
102.5 103.326
101.835 103.199
101.369 102.795
99.964 102.757
99.964 103.215
99.964 103.698
99.964 103.194
99.7057 102.977
98.0685 101.84
98.0685 100.979
97.76 99.6395
97.5018 98.8012
97.434 98.3681
97.1256 98.0487
96.7182 98.0704
95.8581 98.3181
95.8581 98.6534
95.2711 97.9867
95.2711 97.2841
95.2711 96.6539
95.0473 96.2198
94.6433 95.6312
93.9914 95.2555
93.8424 94.9988
93.4384 94.6603
93.2921 94.2476
92.661 93.8816
92.2431 93.5418
92.2431 93.1595
92.0968 92.8153
91.9911 92.4993
91.5289 92.3264
91.2769 92.1673
90.9585 91.9392
90.6507 91.6716
90.6507 91.4315
89.6763 91.1237
89.6763 90.9467
89.6763 90.5023
89.6763 90.1473
89.6763 89.9256
89.6763 89.7464
89.3272 89.6794
89.3272 89.6536
89.2695 89.5706
89.0242 89.4557
88.7181 89.3599
88.4929 89.184
88.4353 89.0074
88.4353 88.828
88.2937 88.6574
88.2937 88.508
87.767 88.4294
87.767 88.3259
87.2644 88.147
87.2644 87.8907
87.2644 87.72
87.1882 87.5509
86.6857 87.4276
86.6857 87.2781
86.6857 87.0812
86.1706 87.016
86.1706 86.7386
86.1706 86.5136
85.9601 86.5019
85.9601 86.5816
85.9601 86.6702
85.9601 86.775
85.9601 86.4464
85.9314 86.0296
85.7957 86.049
85.1243 85.9438
85.107 85.8475
85.107 85.5976
85.107 85.3368
84.8896 85.1538
84.8896 85.1151
84.8424 85.044
84.4081 84.9698
84.2807 84.8903
84.2541 84.7786
84.1228 84.6811
84.1228 84.5863
83.9524 84.3497
83.821 84.2039
83.6694 84.129
83.6694 83.9741
83.6694 83.9083
83.6694 83.8217
83.6694 83.7028
83.4637 83.6842
82.5599 83.655
82.5599 83.5429
81.8005 83.1918
81.8005 82.8027
81.636 82.4806
81.636 82.2368
81.636 82.1443
81.1637 81.9073
81.1637 81.7257
81.1637 82.4956
81.1637 82.869
81.1637 82.6187
81.1034 82.17
80.7327 81.3885
80.7327 81.1473
80.6723 81.067
80.6723 80.9899
80.6127 80.7833
80.1067 80.7601
80.0737 80.631
80.061 80.4555
80.061 80.2564
79.4104 80.157
79.3775 80.034
79.3775 79.833
79.3775 79.5649
79.3775 79.4634
79.3775 79.392
77.9474 79.3746
77.9474 79.2738
77.9474 78.9574
77.9474 78.4959
77.9474 78.1623
77.5698 77.9467
77.5698 78.0411
77.0202 78.6357
77.0202 78.9159
77.0202 78.1897
77.0202 77.4836
76.4075 77.1533
76.4075 76.9675
76.4075 76.7767
76.4075 76.5598
76.4075 76.4537
76.3553 76.4074
76.3553 76.4032
76.3553 76.525
76.3553 76.7084
76.0246 76.6057
76.0246 76.3576
76.0246 76.2178
76.0246 76.0875
75.9772 76.0245
75.7082 76.0199
75.6508 75.9869
75.3344 75.8841
75.2869 75.6998
75.1715 75.4849
74.7483 75.3962
74.7483 75.2663
74.7483 75.093
74.7483 74.8909
74.7483 74.8936
74.7483 75.9106
74.7483 77.4853
74.7302 77.5317
74.7302 76.1624
74.6928 75.1866
74.6928 74.8361
74.6928 74.7601
74.6928 74.7071
74.6928 74.6983
74.6928 74.6951
74.6928 74.6928
74.4816 74.6924
74.4816 74.6703
74.4816 74.5984
74.1869 74.5264
74.1869 74.4815
74.1869 74.3652
74.1869 74.2875
74.1869 74.2406
74.1869 74.1869
74.1869 74.1869
74.1869 74.1869
74.1576 74.1869
74.1576 74.1839
73.4534 74.1665
73.4534 73.998
73.4534 73.7204
73.4534 73.5396
73.3961 73.46
73.3961 73.4483
73.3961 73.4302
73.3961 73.4104
73.3961 73.3978
73.3961 73.3961
73.3961 73.3961
73.3961 73.3961
73.3961 73.3961
73.3289 73.396
73.3289 73.3902
73.3289 73.3691
73.3289 73.3471
72.5905 73.3333
72.5905 73.2772
72.5905 73.1324
72.5905 72.8728
72.5905 72.7431
72.5905 72.5994
72.5905 72.5905
72.5905 72.5905
72.5905 72.5905
72.5905 72.5905
72.5905 72.5905
72.5905 72.5905
72.5905 72.5905
72.5905 72.5905
72.5905 72.5905
72.5905 72.5905
72.5007 72.5903
72.5007 72.582
72.5007 72.5508
72.5007 72.5195
72.5007 72.5007
72.5007 72.5007
72.5007 72.5007
72.5007 72.5007
72.5007 72.5007
72.5007 72.5007
72.5007 72.5007
72.5007 72.5986
72.5007 73.8237
72.5007 74.5559
72.5007 74.5261
72.5007 73.1025
72.5007 72.5186
72.5007 72.5111
72.5007 72.5085
72.5007 72.5007
72.5007 72.5007
72.5007 72.5007
72.5007 72.5007
72.5007 72.5007
72.5007 72.5007
72.5007 72.5007
72.5007 72.5007
72.5007 72.5007
72.5007 72.5007
72.5007 72.5007
72.5007 72.5007
72.0348 72.4996
72.0348 72.4543
72.0348 72.2989
72.0348 72.1353
72.0348 72.0348
72.0348 72.0348
72.0348 72.0348
72.0348 72.0348
72.0348 72.0348
72.0348 72.0348
72.0348 72.0348
72.0348 72.0348
72.0348 72.0348
72.0348 72.0348
72.0348 72.0348
71.9671 72.0347
71.9671 72.0273
71.9671 72.0023
71.9671 71.9811
71.9671 71.9672
71.9671 71.9671
71.9671 71.9671
71.9671 71.9671
71.9671 71.9671
71.9671 71.9671
71.9671 71.9671
71.9671 71.9671
71.9671 71.9671
71.9671 71.9671
71.9671 71.9671
71.9671 71.9671
71.9671 71.9671
71.9671 71.9671
71.9671 71.9671
71.658 71.9665
71.658 71.9492
71.658 71.8589
71.658 71.7754
71.658 71.6851
71.658 71.658
71.658 71.658
71.6201 71.6579
71.6201 71.6539
71.6201 71.6403
71.6201 71.6299
71.6201 71.6216
71.6201 71.6201
71.6201 71.6201
71.6201 71.6201
71.6201 71.6201
71.6201 71.6201
71.6201 71.6201
71.6201 71.6201
71.6201 71.6201
71.6201 71.6201
71.6201 71.6201
71.6201 71.6201
71.6201 71.6201
71.2853 71.6195
71.2853 71.5866
71.2853 71.4594
71.2853 71.373
71.2853 72.122
71.2853 73.0529
71.2853 73.5671
71.2853 72.1212
71.2853 71.4566
71.2853 71.2853
71.2853 71.2853
71.2853 71.2853
71.2853 71.2853
71.2853 71.2853
71.2853 71.2853
71.2853 71.2853
71.2853 71.2853
71.2853 71.2853
71.2853 71.2853
71.2853 71.2853
71.2853 71.2853
71.2853 71.2853
71.2853 71.2853
71.2853 71.2853
71.2853 71.2853
71.2853 71.2853
71.2853 71.2853
71.1502 71.285
71.1502 71.2707
71.1502 71.2159
71.1502 71.1737
71.1502 71.1502
71.1502 71.1502
71.1502 71.1502
71.1502 71.1502
71.1502 71.1502
71.1502 71.1502
71.1502 71.1502
70.9968 71.1499
70.9968 71.1321
70.9968 71.0735
70.9968 71.0284
70.9968 71.0054
70.8417 70.9965
70.6951 70.9807
70.6951 70.9144
70.6951 70.8006
70.6951 70.7127
70.6951 70.6951
70.6413 70.695
70.4947 70.687
70.4947 70.6312
70.4947 70.5511
70.4947 70.4947
70.4947 70.4947
70.4947 70.4947
70.4947 70.4947
70.4947 70.4947
70.4947 70.4947
70.4947 70.4947
70.2078 70.4941
70.2078 70.4625
70.2078 70.3472
69.6538 70.2449
69.6538 70.1424
69.6538 69.9352
69.6538 69.7524
69.6538 69.6538
69.6538 69.6538
69.6538 69.6538
69.6538 69.6538
69.6538 69.6538
69.6538 69.6538
69.6538 69.6538
69.6538 69.6538
69.5482 69.6536
69.5482 69.6418
69.5482 69.5982
69.5482 69.5564
69.2952 69.5477
69.2952 69.5203
69.2952 69.4254
69.2952 69.3331
69.2952 69.2964
69.2952 69.2952
69.2952 69.2952
69.2952 69.2952
69.195 69.295
69.195 69.2817
69.195 69.2337
69.195 69.1976
69.195 69.195
69.195 69.195
69.195 69.195
69.195 69.195
69.195 69.195
69.195 69.195
69.195 69.195
69.195 69.195
69.195 69.195
69.195 69.195
69.195 69.195
69.195 69.195
69.1849 69.195
69.1849 69.1939
69.1849 69.1898
69.1849 69.1868
69.1849 69.1849
69.1849 69.1849
69.1849 69.1849
69.1849 69.1849
69.1849 69.1849
69.1849 69.1849
69.1849 69.1849
69.1849 69.1849
69.1849 69.1849
69.1849 69.1849
69.1849 69.1849
69.1849 69.1849
69.1849 69.1849
69.1849 69.1849
69.1849 69.1849
69.1849 69.1849
69.1849 69.1849
69.1849 69.1849
69.1849 69.1849
69.1849 69.1849
69.1849 69.1849
69.1849 69.1849
69.1849 69.1849
69.1849 69.1849
69.1849 69.1849
69.1849 69.1849
69.1849 69.1849
69.1849 69.1849
69.1849 69.1849
69.1849 69.1849
69.1849 69.1849
69.1849 69.1849
69.1849 69.1849
69.1849 69.1849
69.1849 69.1849
69.1849 69.1849
69.1849 69.1849
69.1849 69.1849
69.1849 69.1849
69.1849 69.1849
69.1849 69.1849
69.1849 69.1849
69.1849 69.1849
69.1849 69.1849
69.1849 69.1849
69.1849 69.1849
69.1849 69.1849
69.1849 69.1849
69.1849 69.1849
69.1849 69.1849
69.1849 69.1849
69.1849 69.1849
69.1849 69.1849
69.1849 69.1849
69.1849 69.1849
69.1849 69.1849
69.1849 69.1849
69.1849 69.1849
69.1849 69.1849
69.1849 69.1849
69.1849 69.1849
69.1849 69.1849
69.1849 69.1849
69.1849 69.1849
69.1849 69.1849
69.1849 69.1849
69.1849 69.1849
69.1849 69.1849
69.1849 69.1849
69.1849 69.1849
69.1849 69.1849
69.1849 69.1849
69.1849 69.1849
69.1849 69.1849
69.1849 69.1849
69.1849 69.1849
69.1849 69.1849
69.1849 69.1849
69.1849 69.1849
69.1849 69.1849
69.1849 69.1849
69.1849 69.1849
69.1849 69.1849
69.1849 69.1849
69.1849 69.1849
69.1849 69.1849
69.1849 69.1849
69.1849 69.1849
69.1849 69.1849
69.1849 69.1849
69.1849 69.1849
69.1849 69.1849
69.1849 69.1849
69.1849 69.1849
69.1849 69.1849
69.1849 69.1849
69.1849 69.1849
69.1849 69.1849
69.1849 69.1849
69.1849 69.1849
69.1849 69.1849
69.1849 69.1849
69.1849 69.1849
69.1849 69.1849
69.1849 69.1849
69.1849 69.1849
69.1849 69.1849
69.1849 69.1849
69.1849 69.1849
69.1849 69.1849
69.1849 69.1849
69.1849 69.1849
69.1849 69.1849
69.1849 69.1849
69.1849 69.1849
69.1849 69.1849
69.1849 69.1849
69.1849 69.1849
69.1849 69.1849
69.1849 69.1849
69.1849 69.1849
69.1849 69.1849
69.1849 69.1849
69.1849 69.1849
69.1849 69.1849
69.1849 69.1849
69.1849 69.1849
69.1849 69.1849
69.1849 69.1849
69.1849 69.1849
69.1849 69.1849
69.1849 69.1849
69.1849 69.1849
69.1849 69.1849
69.1849 69.1849
69.1849 69.1849
69.1849 69.1849
69.1849 69.1849
69.1849 69.1849
69.1849 69.1849
69.1849 69.1849
69.1849 69.1849
69.1849 69.1849
69.1849 69.1849
69.1849 69.1849
69.1849 69.1849
69.1849 69.1849
69.1849 69.1849
69.1849 69.1849
69.1849 69.1849
69.1849 69.1849
69.1849 69.1849
69.1849 69.1849
69.1849 69.1849
69.1849 69.1849
69.1849 69.1849
69.1849 69.1849
69.1849 69.1849
69.1849 69.1849
69.1849 69.1849
69.1849 69.1849
69.1849 69.1849
69.1849 69.1849
69.1849 69.1849
69.1849 69.1849
69.1849 69.1849
69.1849 69.1849
69.1849 69.1849
69.1849 69.1849
69.1849 69.1849
69.1849 69.1849
69.1849 69.1849
69.1849 69.1849
69.1849 69.1849
69.1849 69.1849
69.1849 69.1849
69.1849 69.1849
69.1849 69.1849
69.1849 69.1849
69.1849 69.1849
69.1849 69.1849
69.1849 69.1849
69.1849 69.1849
69.1849 69.1849
69.1849 69.1849
69.1849 69.1849
69.1849 69.1849
69.1849 69.1849
69.1849 69.1849
69.1849 69.1849
69.1849 69.1849
69.1849 69.1849
69.1849 69.1849
69.1849 69.1849
69.1849 69.1849
69.1849 69.1849
69.1849 69.1849
69.1849 69.1849
69.1849 69.1849
69.1849 69.1849
69.1849 69.1849
69.1849 69.1849
69.1849 69.1849
69.1849 69.1849
69.1849 69.1849
69.1849 69.1849
69.1849 69.1849
69.1849 69.1849
69.1849 69.1849
69.1849 69.1849
69.1849 69.1849
69.1849 69.1849
69.1849 69.1849
69.1849 69.1849
69.1849 69.1849
69.1849 69.1849
69.1849 69.1849
69.1737 69.1849
69.1737 69.1833
69.1737 69.1776
69.1737 69.174
69.1737 69.1737
69.1737 69.1737
69.1737 69.1737
69.1737 69.1737
69.1737 69.1737
69.1737 69.1737
69.1737 69.1737
69.1737 69.1737
69.1737 69.1737
69.1737 69.1737
69.1737 69.1737
69.1737 69.1737
69.1737 69.1737
69.1737 69.1737
69.1737 69.1737
69.1737 69.1737
69.1737 69.1737
69.1737 69.1737
69.1737 69.1737
69.1737 69.1737
69.1737 69.1737
69.1737 69.1737
69.1737 69.1737
69.1737 69.1737
69.1737 69.1737
69.1737 69.1737
69.1737 69.1737
69.1737 69.1737
69.1737 69.1737
69.1737 69.1737
69.1737 69.1737
69.1737 69.1737
69.1737 69.1737
69.1737 69.1737
69.1737 69.1737
69.1737 69.1737
69.1737 69.1737
69.1737 69.1737
69.1737 69.1737
69.1737 69.1737
69.1737 69.1737
69.1737 69.1737
69.1737 69.1737
69.1737 69.1737
69.1737 69.1737
69.1737 69.1737
69.1737 69.1737
69.1737 69.1737
69.1737 69.1737
69.1737 69.1737
69.1737 69.1737
69.1737 69.1737
69.1737 69.1737
69.1737 69.1737
69.1737 69.1737
69.1737 69.1737
69.1737 69.1737
69.1737 69.1737
69.1737 69.1737
69.1737 69.1737
69.1737 69.1737
69.1737 69.1737
69.1737 69.1737
69.1737 69.1737
69.1737 69.1737
69.1737 69.1737
69.1737 69.1737
69.1737 69.1737
69.1737 69.1737
69.1737 69.1737
69.1737 69.1737
69.1737 69.1737
69.1737 69.1737
69.1737 69.1737
69.1737 69.1737
69.1737 69.1737
69.1737 69.1737
69.1737 69.1737
69.1737 69.1737
69.1737 69.1737
69.1737 69.1737
69.1737 69.1737
69.1737 69.1737
69.1737 69.1737
68.9834 69.1733
68.9834 69.1444
68.9834 69.0492
68.9834 68.9834
68.9834 68.9834
68.9834 68.9834
68.9834 68.9834
68.9834 68.9834
68.9834 68.9834
68.9834 68.9834
68.9834 68.9834
68.9834 68.9834
68.9834 68.9834
68.9834 68.9834
68.9834 68.9834
68.9834 68.9834
68.9834 68.9834
68.9834 68.9834
68.9834 68.9834
68.9834 68.9834
68.9834 68.9834
68.9834 68.9834
68.9834 68.9834
68.9834 68.9834
68.9834 68.9834
68.9834 68.9834
68.9834 68.9834
68.9834 68.9834
68.9834 68.9834
68.9834 68.9834
68.9834 68.9834
68.9834 68.9834
68.9834 68.9834
68.9834 68.9834
68.9834 68.9834
68.8346 68.9831
68.8346 68.9584
68.8346 68.8843
68.8346 68.8346
68.8346 68.8346
68.8346 68.8346
68.8346 68.8346
68.8346 68.8346
68.8346 68.8346
68.8346 68.8346
68.8346 68.8346
68.8346 68.8346
68.8346 68.8346
68.8346 68.8346
68.8346 68.8346
68.8346 68.8346
68.8346 68.8346
68.8346 68.8346
68.8346 68.8346
68.8346 68.8346
68.8346 68.8346
68.8346 68.8346
68.8346 68.8346
68.8346 68.8346
68.8346 68.8346
68.8346 68.8346
68.8346 68.8346
68.8346 68.8346
68.8346 68.8346
68.8346 68.8346
68.8346 68.8346
68.8346 68.8346
68.8346 68.8346
68.8346 68.8346
68.8346 68.8346
68.8346 68.8346
68.8346 68.8346
68.8346 68.8346
68.8346 68.8346
68.8346 68.8346
68.8346 68.8346
68.8346 68.8346
68.8346 68.8346
68.8346 68.8346
68.8346 68.8346
68.8346 68.8346
68.8346 68.8346
68.8346 68.8346
68.8346 68.8346
68.8346 68.8346
68.8346 68.8346
68.8346 68.8346
68.8346 68.8346
68.8346 68.8346
68.8346 68.8346
68.8346 68.8346
68.8346 68.8346
68.8346 68.8346
68.8346 68.8346
68.8346 68.8346
68.8346 68.8346
68.8346 68.8346
68.8346 68.8346
68.8346 68.8346
68.8346 68.8346
68.8346 68.8346
68.8346 68.8346
68.8346 68.8346
68.8346 68.8346
68.8346 68.8346
68.8346 68.8346
68.8346 68.8346
68.8346 68.8346
68.8346 68.8346
68.8346 68.8346
68.8346 68.8346
68.8346 68.8346
68.8346 68.8346
68.8346 68.8346
68.8346 68.8346
68.8346 68.8346
68.8346 68.8346
68.8346 68.8346
68.8346 68.8346
68.8346 68.8346
68.8346 68.8346
68.8346 68.8346
68.8346 68.8346
68.8346 68.8346
68.8346 68.8346
68.8346 68.8346
68.8346 68.8346
68.8346 68.8346
68.8346 68.8346
68.8346 68.8346
68.8346 68.8346
68.8346 68.8346
68.8346 68.8346
68.8346 68.8346
68.8346 68.8346
68.8346 68.8346
68.8346 68.8346
68.8346 68.8346
68.8346 68.8346
68.8346 68.8346
68.8346 68.8346
68.8346 68.8346
68.8346 68.8346
68.8346 68.8346
68.8346 68.8346
68.8346 68.8346
68.8346 68.8346
68.8346 68.8346
68.8346 68.8346
68.8346 68.8346
68.8346 68.8346
68.8346 68.8346
68.8346 68.8346
68.8346 68.8346
68.8346 68.8346
68.8346 68.8346
68.8346 68.8346
68.8346 68.8346
68.8346 68.8346
68.8346 68.8346
68.8346 68.8346
68.8346 68.8346
68.8346 68.8346
68.8346 68.8346
68.8346 68.8346
68.8346 68.8346
68.8346 68.8346
68.8346 68.8346
68.8346 68.8346
68.8346 68.8346
68.8346 68.8346
68.8346 68.8346
68.8346 68.8346
68.8346 68.8346
68.8346 68.8346
68.8346 68.8346
68.8346 68.8346
68.8346 68.8346
68.8346 68.8346
68.8346 68.8346
68.8346 68.8346
68.8346 68.8346
68.8346 68.8346
68.8346 68.8346
68.8346 68.8346
68.8346 68.8346
68.8346 68.8346
68.8346 68.8346
68.8346 68.8346
68.8346 68.8346
68.8346 68.8346
68.8346 68.8346
68.8346 68.8346
68.8346 68.8346
68.8346 68.8346
68.8346 68.8346
68.8346 68.8346
68.8346 68.8346
68.8346 68.8346
68.8346 68.8346
68.8346 68.8346
68.8346 68.8346
68.8346 68.8346
68.8346 68.8346
68.8346 68.8346
68.8346 68.8346
68.8346 68.8346
68.8346 68.8346
68.8346 68.8346
68.8346 68.8346
68.8346 68.8346
68.8346 68.8346
68.8346 68.8346
68.8346 68.8346
68.8346 68.8346
68.8346 68.8346
68.8346 68.8346
68.8346 68.8346
68.8346 68.8346
68.8346 68.8346
68.8346 68.8346
68.8346 68.8346
68.8346 68.8346
68.8346 68.8346
68.8346 68.8346
68.8346 68.8346
68.8346 68.8346
68.8346 68.8346
68.8346 68.8346
68.8346 68.8346
68.8346 68.8346
68.8346 68.8346
68.8346 68.8346
68.8346 68.8346
68.8346 68.8346
68.8346 68.8346
68.8346 68.8346
68.8346 68.8346
68.8346 68.8346
68.8346 68.8346
68.8346 68.8346
68.8346 68.8346
68.8346 68.8346
68.8346 68.8346
68.8346 68.8346
68.8346 68.8346
68.8346 68.8346
68.8346 68.8346
68.8346 68.8346
68.8346 68.8346
68.8346 68.8346
68.8346 68.8346
68.8346 68.8346
68.8346 68.8346
68.8346 68.8346
68.8346 68.8346
68.8346 68.8346
68.8346 68.8346
68.8346 68.8346
68.8346 68.8346
68.8346 68.8346
68.8346 68.8346
68.8346 68.8346
68.8346 68.8346
68.8346 68.8346
68.8346 68.8346
68.8346 68.8346
68.8346 68.8346
68.8346 68.8346
68.8346 68.8346
68.8346 68.8346
68.8346 68.8346
68.8346 68.8346
68.8346 68.8346
68.8346 68.8346
68.7514 68.8345
68.7514 68.8165
68.7514 68.7675
68.7514 68.7514
68.7514 68.7514
68.7514 68.7514
68.7514 68.7514
68.7514 68.7514
68.7514 68.7514
68.7514 68.7514
68.7514 68.7514
68.7514 68.7514
68.7514 68.7514
68.7514 68.7514
68.7514 68.7514
68.7514 68.7514
68.7514 68.7514
68.7514 68.7514
68.7514 68.7514
68.7514 68.7514
68.7514 68.7514
68.7514 68.7514
68.7514 68.7514
68.7514 68.7514
68.7514 68.7514
68.7514 68.7514
68.7514 68.7514
68.7514 68.7514
68.7514 68.7514
68.7514 68.7514
68.7514 68.7514
68.7514 68.7514
68.7514 68.7514
68.7514 68.7514
68.7514 68.7514
68.7514 68.7514
68.7514 68.7514
68.7514 68.7514
68.7514 68.7514
68.7514 68.7514
68.7514 68.7514
68.7514 68.7514
68.7514 68.7514
68.7514 68.7514
68.7514 68.7514
68.7514 68.7514
68.7514 68.7514
68.7514 68.7514
68.7514 68.7514
68.7514 68.7514
68.7514 68.7514
68.7514 68.7514
68.7514 68.7514
68.7514 68.7514
68.7514 68.7514
68.7514 68.7514
68.7514 68.7514
68.7514 68.7514
68.7514 68.7514
68.7514 68.7514
68.7514 68.7514
68.7514 68.7514
68.7514 68.7514
68.7514 68.7514
68.7514 68.7514
68.7514 68.7514
68.7514 68.7514
68.7514 68.7514
68.7514 68.7514
68.7514 68.7514
68.7514 68.7514
68.7514 68.7514
68.7514 68.7514
68.7514 68.7514
68.7514 68.7514
68.7514 68.7514
68.7514 68.7514
68.7514 68.7514
68.7514 68.7514
68.7514 68.7514
68.7514 68.7514
68.7514 68.7514
68.7514 68.7514
68.7514 68.7514
68.7514 68.7514
68.7514 68.7514
68.7514 68.7514
68.7514 68.7514
68.7514 68.7514
68.7514 68.7514
68.7514 68.7514
68.7514 68.7514
68.7514 68.7514
68.7514 68.7514
68.7514 68.7514
68.7514 68.7514
68.7514 68.7514
68.7514 68.7514
68.7514 68.7514
68.7514 68.7514
68.7514 68.7514
68.7514 68.7514
68.7514 68.7514
68.7514 68.7514
68.7514 68.7514
68.7514 68.7514
68.7514 68.7514
68.7514 68.7514
68.7514 68.7514
68.7514 68.7514
68.7514 68.7514
68.7514 68.7514
68.7514 68.7514
68.7514 68.7514
68.7514 68.7514
68.7514 68.7514
68.7514 68.7514
68.7514 68.7514
68.7514 68.7514
68.7514 68.7514
68.7514 68.7514
68.7514 68.7514
68.7514 68.7514
68.7514 68.7514
68.7514 68.7514
68.7514 68.7514
68.7514 68.7514
68.7514 68.7514
68.7514 68.7514
68.7514 68.7514
68.7514 68.7514
68.7514 68.7514
68.7514 68.7514
68.7514 68.7514
68.7514 68.7514
68.7514 68.7514
68.7514 68.7514
68.7514 68.7514
68.7514 68.7514
68.7514 68.7514
68.7514 68.7514
68.7514 68.7514
68.7514 68.7514
68.7514 68.7514
68.7514 68.7514
68.7514 68.7514
68.7514 68.7514
68.7514 68.7514
68.7514 68.7514
68.7514 68.7514
68.7514 68.7514
68.7514 68.7514
68.7514 68.7514
68.7514 68.7514
68.7514 68.7514
68.7514 68.7514
68.7514 68.7514
68.7514 68.7514
68.7514 68.7514
68.7514 68.7514
68.7514 68.7514
68.7514 68.7514
68.7514 68.7514
68.7514 68.7514
68.7514 68.7514
68.7514 68.7514
68.7514 68.7514
68.7514 68.7514
68.7514 68.7514
68.7514 68.7514
68.7514 68.7514
68.7514 68.7514
68.7514 68.7514
68.7514 68.7514
68.7514 68.7514
68.7514 68.7514
68.7514 68.7514
68.7514 68.7514
68.7514 68.7514
68.7514 68.7514
68.7514 68.7514
68.7514 68.7514
68.7514 68.7514
68.7514 68.7514
68.7514 68.7514
68.7514 68.7514
68.7514 68.7514
68.7514 68.7514
68.7514 68.7514
68.7514 68.7514
68.7514 68.7514
68.7514 68.7514
68.7514 68.7514
68.7514 68.7514
68.7514 68.7514
68.7514 68.7514
68.7514 68.7514
68.7514 68.7514
68.7514 68.7514
68.7108 68.7513
68.7108 68.7407
68.7108 68.7158
68.7108 68.7108
68.7108 68.7108
68.7108 68.7108
68.7108 68.7108
68.7108 68.7108
68.7108 68.7108
68.7108 68.7108
68.7108 68.7108
68.7108 68.7108
68.7108 68.7108
68.7108 68.7108
68.7108 68.7108
68.7108 68.7108
68.7108 68.7108
68.7108 68.7108
68.7108 68.7108
68.7108 68.7108
68.7108 68.7108
68.7108 68.7108
68.4934 68.7104
68.4934 68.6733
68.4934 68.5546
68.4934 68.4934
68.4934 68.4934
68.4934 68.4934
68.4934 68.4934
68.4934 68.4934
68.4934 68.4934
68.4934 68.4934
68.4934 68.4934
68.4934 68.4934
68.4934 68.4934
68.4934 68.4934
68.4934 68.4934
68.4934 68.4934
68.4934 68.4934
68.4934 68.4934
68.4934 68.4934
68.4934 68.4934
68.4934 68.4934
68.4934 68.4934
68.4934 68.4934
68.4934 68.4934
68.4934 68.4934
68.4934 68.4934
68.0128 68.4925
68.0128 68.4262
67.4548 68.1921
67.4548 67.935
67.4548 67.5407
67.4548 67.4548
67.4548 67.4548
67.4548 67.4548
67.4548 67.4548
67.4548 67.4548
67.4548 67.4548
67.4548 67.4548
67.4548 67.4548
67.4548 67.4548
67.4548 67.4548
67.4548 67.4548
67.4548 67.4548
67.4548 67.4548
67.4548 67.4548
67.4548 67.4548
67.4548 67.4548
67.4548 67.4548
67.4548 67.4548
67.4548 67.4548
67.4548 67.4548
67.4548 67.4548
67.4548 67.4548
67.4548 67.4548
67.4548 67.4548
67.4548 67.4548
67.4548 67.4548
67.4548 67.4548
67.4548 67.4548
67.4548 67.4548
67.4548 67.4548
67.4548 67.4548
67.4548 67.4548
67.4548 67.4548
67.4548 67.4548
67.4548 67.4548
67.4548 67.4548
67.4548 67.4548
67.4548 67.4548
67.4548 67.4548
67.4548 67.4548
67.4548 67.4548
67.4548 67.4548
67.4548 67.4548
67.4548 67.4548
67.4548 67.4548
67.4548 67.4548
67.4548 67.4548
67.4548 67.4548
67.4548 67.4548
67.4548 67.4548
67.4548 67.4548
67.4548 67.4548
67.4548 67.4548
67.4548 67.4548
67.4548 67.4548
67.4548 67.4548
67.4548 67.4548
67.4548 67.4548
67.4548 67.4548
67.4548 67.4548
67.4548 67.4548
67.4548 67.4548
67.4548 67.4548
67.4548 67.4548
67.4548 67.4548
67.4548 67.4548
67.4548 67.4548
67.4548 67.4548
67.4548 67.4548
67.4548 67.4548
67.4548 67.4548
67.4548 67.4548
67.4548 67.4548
67.4548 67.4548
67.4548 67.4548
67.4548 67.4548
67.4548 67.4548
67.4548 67.4548
67.4548 67.4548
67.4548 67.4548
67.4548 67.4548
67.4548 67.4548
67.4548 67.4548
67.4548 67.4548
67.4548 67.4548
67.4548 67.4548
67.4548 67.4548
67.4548 67.4548
67.4548 67.4548
67.4548 67.4548
67.4548 67.4548
67.4548 67.4548
67.4548 67.4548
67.4548 67.4548
67.4548 67.4548
67.4548 67.4548
67.4548 67.4548
67.4548 67.4548
67.4548 67.4548
67.4548 67.4548
67.4548 67.4548
67.4548 67.4548
67.4548 67.4548
67.4548 67.4548
67.4548 67.4548
67.4548 67.4548
67.4548 67.4548
67.4548 67.4548
67.4548 67.4548
67.4548 67.4548
67.4548 67.4548
67.4548 67.4548
67.4548 67.4548
67.4548 67.4548
67.4548 67.4548
67.4548 67.4548
67.4548 67.4548
67.4548 67.4548
67.4548 67.4548
67.4548 67.4548
67.4548 67.4548
67.4548 67.4548
67.4548 67.4548
67.4548 67.4548
67.4548 67.4548
67.4548 67.4548
67.4548 67.4548
67.4548 67.4548
67.4548 67.4548
67.4548 67.4548
67.4548 67.4548
67.4548 67.4548
67.4548 67.4548
67.4548 67.4548
67.4548 67.4548
67.4548 67.4548
67.4548 67.4548
67.4548 67.4548
67.4548 67.4548
67.4548 67.4548
67.4548 67.4548
67.4548 67.4548
67.4548 67.4548
67.4548 67.4548
67.4548 67.4548
67.4548 67.4548
67.4548 67.4548
67.4548 67.4548
67.4548 67.4548
67.4548 67.4548
67.4548 67.4548
67.4548 67.4548
67.4548 67.4548
67.4548 67.4548
67.4548 67.4548
67.4548 67.4548
67.4548 67.4548
67.4548 67.4548
67.4548 67.4548
67.4548 67.4548
67.4548 67.4548
67.4548 67.4548
67.4548 67.4548
67.4548 67.4548
67.4548 67.4548
67.4548 67.4548
67.4548 67.4548
67.4548 67.4548
67.4548 67.4548
67.4548 67.4548
67.4548 67.4548
67.4548 67.4548
67.4548 67.4548
67.4548 67.4548
67.4548 67.4548
67.4548 67.4548
67.4548 67.4548
67.4548 67.4548
67.4548 67.4548
67.4548 67.4548
67.4548 67.4548
67.4548 67.4548
67.4548 67.4548
67.4548 67.4548
67.4548 67.4548
67.4548 67.4548
67.4548 67.4548
67.4548 67.4548
67.4548 67.4548
67.4548 67.4548
67.4548 67.4548
67.4548 67.4548
67.4548 67.4548
67.4548 67.4548
67.4548 67.4548
67.4548 67.4548
67.4548 67.4548
67.4548 67.4548
67.4548 67.4548
67.4548 67.4548
67.4548 67.4548
67.4548 67.4548
67.4548 67.4548
67.4548 67.4548
67.4548 67.4548
67.4548 67.4548
67.4548 67.4548
67.4548 67.4548
67.4548 67.4548
67.4548 67.4548
67.4548 67.4548
67.4548 67.4548
67.4548 67.4548
67.4548 67.4548
67.4548 67.4548
67.4548 67.4548
67.4548 67.4548
67.4548 67.4548
67.4548 67.4548
67.4548 67.4548
67.4548 67.4548
67.4548 67.4548
67.4548 67.4548
67.4548 67.4548
67.4548 67.4548
67.4548 67.4548
67.4548 67.4548
67.4548 67.4548
67.4548 67.4548
67.4548 67.4548
67.4548 67.4548
67.4548 67.4548
67.4548 67.4548
67.4548 67.4548
67.4548 67.4548
67.4548 67.4548
67.4548 67.4548
67.4548 67.4548
67.4548 67.4548
67.4548 67.4548
67.4548 67.4548
67.4548 67.4548
67.4548 67.4548
67.4548 67.4548
67.4548 67.4548
67.4548 67.4548
67.4548 67.4548
67.4548 67.4548
67.4548 67.4548
67.4548 67.4548
67.4548 67.4548
67.4548 67.4548
67.4548 67.4548
67.4548 67.4548
67.4548 67.4548
67.4548 67.4548
67.4548 67.4548
67.4548 67.4548
67.4548 67.4548
67.4548 67.4548
67.4548 67.4548
67.4548 67.4548
67.4548 67.4548
67.4548 67.4548
67.4548 67.4548
67.4548 67.4548
67.4548 67.4548
67.4548 67.4548
67.4548 67.4548
67.4548 67.4548
67.4548 67.4548
67.4548 67.4548
67.4548 67.4548
67.4548 67.4548
67.4548 67.4548
67.4548 67.4548
67.4548 67.4548
67.4548 67.4548
67.4548 67.4548
67.4548 67.4548
67.4548 67.4548
67.4548 67.4548
67.4548 67.4548
67.4548 67.4548
67.4548 67.4548
67.4548 67.4548
67.4548 67.4548
67.4548 67.4548
67.4548 67.4548
67.4548 67.4548
67.4548 67.4548
67.4548 67.4548
67.4548 67.4548
67.4548 67.4548
67.4548 67.4548
67.4548 67.4548
67.4548 67.4548
67.4548 67.4548
67.4548 67.4548
67.4548 67.4548
67.4548 67.4548
67.4548 67.4548
67.4548 67.4548
67.4548 67.4548
67.4548 67.4548
67.4548 67.4548
67.4548 67.4548
67.4548 67.4548
67.4548 67.4548
67.4548 67.4548
67.4548 67.4548
67.4548 67.4548
67.4548 67.4548
67.4548 67.4548
67.4548 67.4548
67.4548 67.4548
67.4548 67.4548
67.4548 67.4548
67.4548 67.4548
67.4548 67.4548
67.4548 67.4548
67.4548 67.4548
67.4548 67.4548
67.4548 67.4548
67.4548 67.4548
67.4548 67.4548
67.4548 67.4548
67.4548 67.4548
67.4548 67.4548
67.4548 67.4548
67.4548 67.4548
67.4548 67.4548
67.4548 67.4548
67.4548 67.4548
67.4548 67.4548
67.4548 67.4548
67.4548 67.4548
67.4548 67.4548
67.4548 67.4548
67.4548 67.4548
67.4548 67.4548
67.4548 67.4548
67.4548 67.4548
67.4548 67.4548
67.4548 67.4548
67.4548 67.4548
67.4548 67.4548
67.4548 67.4548
67.4548 67.4548
67.4548 67.4548
67.4548 67.4548
67.4548 67.4548
67.4548 67.4548
67.4548 67.4548
67.4548 67.4548
67.4548 67.4548
67.4548 67.4548
67.4548 67.4548
67.4548 67.4548
67.4548 67.4548
67.4548 67.4548
67.4548 67.4548
67.4548 67.4548
67.4548 67.4548
67.4548 67.4548
67.4548 67.4548
67.4548 67.4548
67.4548 67.4548
67.4548 67.4548
67.4548 67.4548
67.4548 67.4548
67.4548 67.4548
67.4548 67.4548
67.4548 67.4548
67.4548 67.4548
67.4548 67.4548
67.4548 67.4548
67.4548 67.4548
67.4548 67.4548
67.4548 67.4548
67.4548 67.4548
67.4548 67.4548
67.4548 67.4548
67.4548 67.4548
67.4548 67.4548
67.4548 67.4548
67.4548 67.4548
67.4548 67.4548
67.4548 67.4548
67.4548 67.4548
67.4548 67.4548
67.4548 67.4548
67.4548 67.4548
67.4548 67.4548
67.4548 67.4548
67.4548 67.4548
67.4548 67.4548
67.4548 67.4548
67.4548 67.4548
67.4548 67.4548
67.4548 67.4548
67.4548 67.4548
67.4548 67.4548
67.4548 67.4548
67.4548 67.4548
67.4548 67.4548
67.4548 67.4548
67.4548 67.4548
67.4548 67.4548
67.4548 67.4548
67.4548 67.4548
67.4548 67.4548
67.4548 67.4548
67.4548 67.4548
67.4548 67.4548
67.4548 67.4548
67.4548 67.4548
67.4548 67.4548
67.4548 67.4548
67.4548 67.4548
67.4548 67.4548
67.4548 67.4548
67.4548 67.4548
67.4548 67.4548
67.4548 67.4548
67.4548 67.4548
67.4548 67.4548
67.4548 67.4548
67.4548 67.4548
67.4548 67.4548
67.4548 67.4548
67.4548 67.4548
67.4548 67.4548
67.4548 67.4548
67.4548 67.4548
67.4548 67.4548
67.4548 67.4548
67.4548 67.4548
67.4548 67.4548
67.4548 67.4548
67.4548 67.4548
67.4548 67.4548
67.4548 67.4548
67.4548 67.4548
67.4548 67.4548
67.4548 67.4548
67.4548 67.4548
67.4548 67.4548
67.4548 67.4548
67.4548 67.4548
67.4548 67.4548
67.4548 67.4548
67.4548 67.4548
67.4548 67.4548
67.4548 67.4548
67.4548 67.4548
67.4548 67.4548
67.4548 67.4548
67.4548 67.4548
67.4548 67.4548
67.4548 67.4548
67.4548 67.4548
67.4548 67.4548
67.4548 67.4548
67.4548 67.4548
67.4548 67.4548
67.4548 67.4548
67.4548 67.4548
67.4548 67.4548
67.4548 67.4548
67.4548 67.4548
67.4548 67.4548
67.4548 67.4548
67.4548 67.4548
67.4548 67.4548
67.4548 67.4548
67.4548 67.4548
67.4548 67.4548
67.4548 67.4548
67.4548 67.4548
67.4548 67.4548
67.4548 67.4548
67.4548 67.4548
67.4548 67.4548
67.4548 67.4548
67.4548 67.4548
67.4548 67.4548
67.4548 67.4548
67.4548 67.4548
67.4548 67.4548
67.4548 67.4548
67.4548 67.4548
67.4548 67.4548
67.4548 67.4548
67.4548 67.4548
67.4548 67.4548
67.4548 67.4548
67.4548 67.4548
67.4548 67.4548
67.4548 67.4548
67.4548 67.4548
67.4548 67.4548
67.4548 67.4548
67.4548 67.4548
67.4548 67.4548
67.4548 67.4548
67.4548 67.4548
67.4548 67.4548
67.4548 67.4548
67.4548 67.4548
67.4548 67.4548
67.4548 67.4548
67.4548 67.4548
67.4548 67.4548
67.4548 67.4548
67.4548 67.4548
67.4548 67.4548
67.4548 67.4548
67.4548 67.4548
67.4548 67.4548
67.4548 67.4548
67.4548 67.4548
67.4548 67.4548
67.4548 67.4548
67.4548 67.4548
67.4548 67.4548
67.4548 67.4548
67.4548 67.4548
67.4548 67.4548
67.4548 67.4548
67.4548 67.4548
67.4548 67.4548
67.4548 67.4548
67.4548 67.4548
67.4548 67.4548
67.4548 67.4548
67.4548 67.4548
67.4548 67.4548
67.4548 67.4548
67.4548 67.4548
67.4548 67.4548
67.4548 67.4548
67.4548 67.4548
67.4548 67.4548
67.4548 67.4548
67.4548 67.4548
67.4548 67.4548
67.4548 67.4548
67.4548 67.4548
67.4548 67.4548
67.4548 67.4548
67.4548 67.4548
67.4548 67.4548
67.4548 67.4548
67.4548 67.4548
67.4548 67.4548
67.4548 67.4548
67.4548 67.4548
67.4548 67.4548
67.4548 67.4548
67.4548 67.4548
67.4548 67.4548
67.4548 67.4548
67.4548 67.4548
67.4548 67.4548
67.4548 67.4548
67.4548 67.4548
67.4548 67.4548
67.4548 67.4548
67.4548 67.4548
67.4548 67.4548
67.4548 67.4548
67.4548 67.4548
67.4548 67.4548
67.4548 67.4548
67.4548 67.4548
67.4548 67.4548
67.4548 67.4548
67.4548 67.4548
67.4548 67.4548
67.4548 67.4548
67.4548 67.4548
67.4548 67.4548
67.4548 67.4548
67.4548 67.4548
67.4548 67.4548
67.4548 67.4548
67.4548 67.4548
67.4548 67.4548
67.4548 67.4548
67.4548 67.4548
67.4548 67.4548
67.4548 67.4548
67.4548 67.4548
67.4548 67.4548
67.4548 67.4548
67.4548 67.4548
67.4548 67.4548
67.4548 67.4548
67.4548 67.4548
67.4548 67.4548
67.4548 67.4548
67.4548 67.4548
67.4548 67.4548
67.4548 67.4548
67.4548 67.4548
67.4548 67.4548
67.4548 67.4548
67.4548 67.4548
67.4548 67.4548
67.4548 67.4548
67.4548 67.4548
67.4548 67.4548
67.4548 67.4548
67.4548 67.4548
67.4548 67.4548
67.4548 67.4548
67.4548 67.4548
67.4548 67.4548
67.4548 67.4548
67.4548 67.4548
67.4548 67.4548
67.4548 67.4548
67.4548 67.4548
67.4548 67.4548
67.4548 67.4548
67.4548 67.4548
67.4548 67.4548
67.4548 67.4548
67.4548 67.4548
67.4548 67.4548
67.4548 67.4548
67.4548 67.4548
67.4548 67.4548
67.4548 67.4548
67.4548 67.4548
67.4548 67.4548
67.4548 67.4548
67.4548 67.4548
67.4548 67.4548
67.4548 67.4548
67.4548 67.4548
67.4548 67.4548
67.4548 67.4548
67.4548 67.4548
67.4548 67.4548
67.4548 67.4548
67.4548 67.4548
67.4548 67.4548
67.4548 67.4548
67.4548 67.4548
67.4548 67.4548
67.4548 67.4548
67.4548 67.4548
67.4548 67.4548
67.4548 67.4548
67.4548 67.4548
67.4548 67.4548
67.4548 67.4548
67.4548 67.4548
67.4548 67.4548
67.4548 67.4548
67.4548 67.4548
67.4548 67.4548
67.4548 67.4548
67.4548 67.4548
67.4548 67.4548
67.4548 67.4548
67.4548 67.4548
67.4548 67.4548
67.4548 67.4548
67.4548 67.4548
67.4548 67.4548
67.4548 67.4548
67.4548 67.4548
67.2041 67.4543
67.2041 67.3715
67.108 67.2039
67.108 67.1718
67.108 67.108
67.108 67.108
67.108 67.108
67.108 67.108
67.108 67.108
67.108 67.108
67.108 67.108
67.108 67.108
67.108 67.108
67.108 67.108
67.108 67.108
67.108 67.108
67.108 67.108
67.108 67.108
67.108 67.108
67.108 67.108
67.108 67.108
67.108 67.108
67.108 67.108
67.108 67.108
67.108 67.108
67.108 67.108
67.108 67.108
67.108 67.108
67.108 67.108
67.108 67.108
67.108 67.108
67.108 67.108
67.108 67.108
67.108 67.108
67.108 67.108
67.108 67.108
67.108 67.108
67.108 67.108
67.108 67.108
67.108 67.108
67.108 67.108
67.108 67.108
67.108 67.108
67.108 67.108
67.108 67.108
67.108 67.108
67.108 67.108
67.108 67.108
67.108 67.108
67.108 67.108
67.108 67.108
67.108 67.108
67.108 67.108
67.108 67.108
67.108 67.108
67.108 67.108
67.108 67.108
67.108 67.108
67.108 67.108
67.108 67.108
67.108 67.108
67.108 67.108
67.108 67.108
67.108 67.108
67.108 67.108
67.108 67.108
67.108 67.108
67.108 67.108
67.108 67.108
66.6036 67.107
66.1907 66.947
66.1907 66.4726
66.1907 66.1907
66.1907 66.1907
66.1907 66.1907
66.1907 66.1907
66.1907 66.1907
66.1907 66.1907
66.1907 66.1907
66.1907 66.1907
66.1907 66.1907
66.1907 66.1907
66.1907 66.1907
66.1907 66.1907
66.1907 66.1907
66.1907 66.1907
66.1907 66.1907
66.1907 66.1907
66.1907 66.1907
66.1907 66.1907
66.1907 66.1907
66.1907 66.1907
66.1907 66.1907
66.1907 66.1907
66.1907 66.1907
66.1907 66.1907
66.1907 66.1907
66.1907 66.1907
65.9246 66.1901
65.9246 66.0944
65.9246 65.9246
65.9246 65.9246
65.9246 65.9246
65.9246 65.9246
65.9246 65.9246
65.9246 65.9246
65.9246 65.9246
65.9246 65.9246
65.9246 65.9246
65.9246 65.9246
65.9246 65.9246
65.9246 65.9246
65.9246 65.9246
65.9246 65.9246
65.9246 65.9246
65.9246 65.9246
65.9246 65.9246
65.9246 65.9246
65.9246 65.9246
65.9246 65.9246
65.9246 65.9246
65.9246 65.9246
65.9246 65.9246
65.9246 65.9246
65.9246 65.9246
65.9246 65.9246
65.9246 65.9246
65.9246 65.9246
65.9246 65.9246
65.9246 65.9246
65.9246 65.9246
65.9246 65.9246
65.9246 65.9246
65.9246 65.9246
65.9246 65.9246
65.9246 65.9246
65.9246 65.9246
65.9246 65.9246
65.9246 65.9246
65.9246 65.9246
65.9246 65.9246
65.9246 65.9246
65.9246 65.9246
65.9246 65.9246
65.9246 65.9246
65.9246 65.9246
65.9246 65.9246
65.9246 65.9246
65.9246 65.9246
65.9246 65.9246
65.9246 65.9246
65.9246 65.9246
65.9246 65.9246
65.9246 65.9246
65.9246 65.9246
65.9246 65.9246
65.9246 65.9246
65.9246 65.9246
65.9246 65.9246
65.9246 65.9246
65.9246 65.9246
65.9246 65.9246
65.9246 65.9246
65.9246 65.9246
65.9246 65.9246
65.9246 65.9246
65.9246 65.9246
65.9246 65.9246
65.9246 65.9246
65.9246 65.9246
65.9246 65.9246
65.9246 65.9246
65.9246 65.9246
65.9246 65.9246
65.9246 65.9246
65.9246 65.9246
65.9246 65.9246
65.9246 65.9246
65.9246 65.9246
65.9246 65.9246
65.9246 65.9246
65.9246 65.9246
65.9246 65.9246
65.9246 65.9246
65.9246 65.9246
65.9246 65.9246
65.9246 65.9246
65.9246 65.9246
65.9246 65.9246
65.9246 65.9246
65.9246 65.9246
65.9246 65.9246
65.9246 65.9246
65.9246 65.9246
65.9246 65.9246
65.9246 65.9246
65.9246 65.9246
65.9246 65.9246
65.9246 65.9246
65.9246 65.9246
65.9246 65.9246
65.9246 65.9246
65.9246 65.9246
65.9246 65.9246
65.9246 65.9246
65.9246 65.9246
65.9246 65.9246
65.9246 65.9246
65.9246 65.9246
65.9246 65.9246
65.9246 65.9246
65.9246 65.9246
65.9246 65.9246
65.9246 65.9246
65.9246 65.9246
65.9246 65.9246
65.9246 65.9246
65.9246 65.9246
65.9246 65.9246
65.9246 65.9246
65.9246 65.9246
65.9246 65.9246
65.9246 65.9246
65.9246 65.9246
65.9246 65.9246
65.9246 65.9246
65.9246 65.9246
65.9246 65.9246
65.9246 65.9246
65.9246 65.9246
65.9246 65.9246
65.9246 65.9246
65.9246 65.9246
65.9246 65.9246
65.9246 65.9246
65.9246 65.9246
65.9246 65.9246
65.9246 65.9246
65.9246 65.9246
65.9246 65.9246
65.9246 65.9246
65.9246 65.9246
65.9246 65.9246
65.9246 65.9246
65.9246 65.9246
65.9246 65.9246
65.9246 65.9246
65.9246 65.9246
65.9246 65.9246
65.9246 65.9246
65.9246 65.9246
65.9246 65.9246
65.9246 65.9246
65.9246 65.9246
65.9246 65.9246
65.9246 65.9246
65.9246 65.9246
65.9246 65.9246
65.9246 65.9246
65.9246 65.9246
65.9246 65.9246
65.9246 65.9246
65.9246 65.9246
65.9246 65.9246
65.9246 65.9246
65.9246 65.9246
65.9246 65.9246
65.9246 65.9246
65.9246 65.9246
65.9246 65.9246
65.9246 65.9246
65.9246 65.9246
65.9246 65.9246
65.9246 65.9246
65.9246 65.9246
65.9246 65.9246
65.9246 65.9246
65.9246 65.9246
65.9246 65.9246
65.9246 65.9246
65.9246 65.9246
65.9246 65.9246
65.9246 65.9246
65.9246 65.9246
65.9246 65.9246
65.9246 65.9246
65.9246 65.9246
65.9246 65.9246
65.9246 65.9246
65.9246 65.9246
65.9246 65.9246
65.9246 65.9246
65.9246 65.9246
65.9246 65.9246
65.9246 65.9246
65.9246 65.9246
65.9246 65.9246
65.9246 65.9246
65.9246 65.9246
65.9246 65.9246
65.9246 65.9246
65.9246 65.9246
65.9246 65.9246
65.9246 65.9246
65.9246 65.9246
65.9246 65.9246
65.9246 65.9246
65.9246 65.9246
65.9246 65.9246
65.9246 65.9246
65.9246 65.9246
65.9246 65.9246
65.9246 65.9246
65.9246 65.9246
65.9246 65.9246
65.9246 65.9246
65.9246 65.9246
65.9246 65.9246
65.9246 65.9246
65.9246 65.9246
65.9246 65.9246
65.9246 65.9246
65.9246 65.9246
65.9246 65.9246
65.9246 65.9246
65.9246 65.9246
65.9246 65.9246
65.9246 65.9246
65.9246 65.9246
65.9246 65.9246
65.9246 65.9246
65.9246 65.9246
65.9246 65.9246
65.9246 65.9246
65.9246 65.9246
65.9246 65.9246
65.9246 65.9246
65.9246 65.9246
65.9246 65.9246
65.9246 65.9246
65.9246 65.9246
65.9246 65.9246
65.9246 65.9246
65.9246 65.9246
65.9246 65.9246
65.9246 65.9246
65.9246 65.9246
65.9246 65.9246
65.9246 65.9246
65.9246 65.9246
65.9246 65.9246
65.9246 65.9246
65.9246 65.9246
65.9246 65.9246
65.9246 65.9246
65.9246 65.9246
65.9246 65.9246
65.9246 65.9246
65.9246 65.9246
65.9246 65.9246
65.9246 65.9246
65.9246 65.9246
65.9246 65.9246
65.9246 65.9246
65.9246 65.9246
65.9246 65.9246
65.9246 65.9246
65.9246 65.9246
65.9246 65.9246
65.9246 65.9246
65.9246 65.9246
65.9246 65.9246
65.9246 65.9246
65.9246 65.9246
65.9246 65.9246
65.9246 65.9246
65.9246 65.9246
65.9246 65.9246
65.9246 65.9246
65.9246 65.9246
65.9246 65.9246
65.9246 65.9246
65.9246 65.9246
65.9246 65.9246
65.9246 65.9246
65.9246 65.9246
65.9246 65.9246
65.9246 65.9246
65.9246 65.9246
65.9246 65.9246
65.9246 65.9246
65.9246 65.9246
65.9246 65.9246
65.9246 65.9246
65.9246 65.9246
65.9246 65.9246
65.9246 65.9246
65.9246 65.9246
65.9246 65.9246
65.9246 65.9246
65.9246 65.9246
65.9246 65.9246
65.9246 65.9246
65.9246 65.9246
65.9246 65.9246
65.9246 65.9246
65.9246 65.9246
65.9246 65.9246
65.9246 65.9246
65.9246 65.9246
65.9246 65.9246
65.9246 65.9246
65.9246 65.9246
65.9246 65.9246
65.9246 65.9246
65.9246 65.9246
65.9246 65.9246
65.9246 65.9246
65.9246 65.9246
65.9246 65.9246
65.9246 65.9246
65.9246 65.9246
65.9246 65.9246
65.9246 65.9246
65.9246 65.9246
65.9246 65.9246
65.9246 65.9246
65.9246 65.9246
65.9246 65.9246
65.9246 65.9246
65.9246 65.9246
65.9246 65.9246
65.9246 65.9246
65.9246 65.9246
65.9246 65.9246
65.9246 65.9246
65.9246 65.9246
65.9246 65.9246
65.9246 65.9246
65.9246 65.9246
65.9246 65.9246
65.9246 65.9246
65.9246 65.9246
65.9246 65.9246
65.9246 65.9246
65.9246 65.9246
65.9246 65.9246
65.9246 65.9246
65.9246 65.9246
65.9246 65.9246
65.9246 65.9246
65.9246 65.9246
65.9246 65.9246
65.9246 65.9246
65.9246 65.9246
65.9246 65.9246
65.9246 65.9246
65.9246 65.9246
65.9246 65.9246
65.9246 65.9246
65.9246 65.9246
65.9246 65.9246
65.9246 65.9246
65.9246 65.9246
65.9246 65.9246
65.9246 65.9246
65.9246 65.9246
65.9246 65.9246
65.9246 65.9246
65.9246 65.9246
65.9246 65.9246
65.9246 65.9246
65.9246 65.9246
65.9246 65.9246
65.9246 65.9246
65.9246 65.9246
65.9246 65.9246
65.9246 65.9246
65.9246 65.9246
65.9246 65.9246
65.9246 65.9246
65.9246 65.9246
65.9246 65.9246
65.9246 65.9246
65.9246 65.9246
65.9246 65.9246
65.9246 65.9246
65.9246 65.9246
65.9246 65.9246
65.9246 65.9246
65.9246 65.9246
65.9246 65.9246
65.9246 65.9246
65.9246 65.9246
65.9246 65.9246
65.9246 65.9246
65.9246 65.9246
65.9246 65.9246
65.9246 65.9246
65.9246 65.9246
65.9246 65.9246
65.9246 65.9246
65.9246 65.9246
65.9246 65.9246
65.9246 65.9246
65.9246 65.9246
65.9246 65.9246
65.9246 65.9246
65.9246 65.9246
65.9246 65.9246
65.9246 65.9246
65.9246 65.9246
65.9246 65.9246
65.9246 65.9246
65.9246 65.9246
65.9246 65.9246
65.9246 65.9246
65.9246 65.9246
65.9246 65.9246
65.9246 65.9246
65.9246 65.9246
65.9246 65.9246
65.9246 65.9246
65.9246 65.9246
65.9246 65.9246
65.9246 65.9246
65.9246 65.9246
65.9246 65.9246
65.9246 65.9246
65.9246 65.9246
65.9246 65.9246
65.9246 65.9246
65.9246 65.9246
65.9246 65.9246
65.9246 65.9246
65.9246 65.9246
65.9246 65.9246
65.9246 65.9246
65.9246 65.9246
65.9246 65.9246
65.9246 65.9246
65.9246 65.9246
65.9246 65.9246
65.9246 65.9246
65.9246 65.9246
65.9246 65.9246
65.9246 65.9246
65.9246 65.9246
65.9246 65.9246
65.9246 65.9246
65.9246 65.9246
65.9246 65.9246
65.9246 65.9246
65.9246 65.9246
65.9246 65.9246
65.9246 65.9246
65.9246 65.9246
65.9246 65.9246
65.9246 65.9246
65.9246 65.9246
65.9246 65.9246
65.9246 65.9246
65.9246 65.9246
65.9246 65.9246
65.9246 65.9246
65.9246 65.9246
65.9246 65.9246
65.9246 65.9246
65.9246 65.9246
65.9246 65.9246
65.9246 65.9246
65.9246 65.9246
65.9246 65.9246
65.9246 65.9246
65.9246 65.9246
65.9246 65.9246
65.9246 65.9246
65.9246 65.9246
65.9246 65.9246
65.9246 65.9246
65.9246 65.9246
65.9246 65.9246
65.9246 65.9246
65.9246 65.9246
65.9246 65.9246
65.9246 65.9246
65.9246 65.9246
65.9246 65.9246
65.9246 65.9246
65.9246 65.9246
65.9246 65.9246
65.9246 65.9246
65.9246 65.9246
65.9246 65.9246
65.9246 65.9246
65.9246 65.9246
65.9246 65.9246
65.9246 65.9246
65.9246 65.9246
65.9246 65.9246
65.9246 65.9246
65.9246 65.9246
65.9246 65.9246
65.9246 65.9246
65.9246 65.9246
65.9246 65.9246
65.9246 65.9246
65.9246 65.9246
65.9246 65.9246
65.9246 65.9246
65.9246 65.9246
65.9246 65.9246
65.9246 65.9246
65.9246 65.9246
65.9246 65.9246
65.9246 65.9246
65.9246 65.9246
65.9246 65.9246
65.9246 65.9246
65.9246 65.9246
65.9246 65.9246
65.9246 65.9246
65.9246 65.9246
65.9246 65.9246
65.9246 65.9246
65.9246 65.9246
65.9246 65.9246
65.9246 65.9246
65.9246 65.9246
65.9246 65.9246
65.9246 65.9246
65.9246 65.9246
65.9246 65.9246
65.9246 65.9246
65.9246 65.9246
65.9246 65.9246
65.9246 65.9246
65.9246 65.9246
65.9246 65.9246
65.9246 65.9246
65.9246 65.9246
65.9246 65.9246
65.9246 65.9246
65.9246 65.9246
65.9246 65.9246
65.9246 65.9246
65.9246 65.9246
65.9246 65.9246
65.9246 65.9246
65.9246 65.9246
65.9246 65.9246
65.9246 65.9246
65.9246 65.9246
65.9246 65.9246
65.9246 65.9246
65.9246 65.9246
65.9246 65.9246
65.9246 65.9246
65.9246 65.9246
65.9246 65.9246
65.9246 65.9246
65.9246 65.9246
65.9246 65.9246
65.9246 65.9246
65.9246 65.9246
65.9246 65.9246
65.9246 65.9246
65.9246 65.9246
65.9246 65.9246
65.9246 65.9246
65.9246 65.9246
65.9246 65.9246
65.9246 65.9246
65.9246 65.9246
65.9246 65.9246
65.9246 65.9246
65.9246 65.9246
65.9246 65.9246
65.9246 65.9246
65.9246 65.9246
65.9246 65.9246
65.9246 65.9246
65.9246 65.9246
65.9246 65.9246
65.9246 65.9246
65.9246 65.9246
65.9246 65.9246
65.9246 65.9246
65.9246 65.9246
65.9246 65.9246
65.9246 65.9246
65.9246 65.9246
65.9246 65.9246
65.9246 65.9246
65.9246 65.9246
65.9246 65.9246
65.9246 65.9246
65.9246 65.9246
65.9246 65.9246
65.9246 65.9246
65.9246 65.9246
65.9246 65.9246
65.9246 65.9246
65.9246 65.9246
65.9246 65.9246
65.9246 65.9246
65.9246 65.9246
65.9246 65.9246
65.9246 65.9246
65.9246 65.9246
65.9246 65.9246
65.9246 65.9246
65.9246 65.9246
65.9246 65.9246
65.9246 65.9246
65.9246 65.9246
65.9246 65.9246
65.9246 65.9246
65.9246 65.9246
65.9246 65.9246
65.9246 65.9246
65.9246 65.9246
65.9246 65.9246
65.9246 65.9246
65.9246 65.9246
65.9246 65.9246
65.9246 65.9246
65.9246 65.9246
65.9246 65.9246
65.9246 65.9246
65.9246 65.9246
65.9246 65.9246
65.9246 65.9246
65.9246 65.9246
65.9246 65.9246
65.9246 65.9246
65.9246 65.9246
65.9246 65.9246
65.9246 65.9246
65.9246 65.9246
65.9246 65.9246
65.9246 65.9246
65.9246 65.9246
65.9246 65.9246
65.9246 65.9246
65.9246 65.9246
65.9246 65.9246
65.9246 65.9246
65.9246 65.9246
65.9246 65.9246
65.9246 65.9246
65.9246 65.9246
65.9246 65.9246
65.9246 65.9246
65.9246 65.9246
65.9246 65.9246
65.9246 65.9246
65.9246 65.9246
65.9246 65.9246
65.9246 65.9246
65.9246 65.9246
65.9246 65.9246
65.9246 65.9246
65.9246 65.9246
65.9246 65.9246
65.9246 65.9246
65.9246 65.9246
65.9246 65.9246
65.9246 65.9246
65.9246 65.9246
65.9246 65.9246
65.9246 65.9246
65.9246 65.9246
65.9246 65.9246
65.9246 65.9246
65.9246 65.9246
65.9246 65.9246
65.9246 65.9246
65.9246 65.9246
65.9246 65.9246
65.9246 65.9246
65.9246 65.9246
65.9246 65.9246
65.9246 65.9246
65.9246 65.9246
65.9246 65.9246
65.9246 65.9246
65.9246 65.9246
65.9246 65.9246
65.9246 65.9246
65.9246 65.9246
65.9246 65.9246
65.9246 65.9246
65.9246 65.9246
65.9246 65.9246
65.9246 65.9246
65.9246 65.9246
65.9246 65.9246
65.9246 65.9246
65.9246 65.9246
65.9246 65.9246
65.9246 65.9246
65.9246 65.9246
65.9246 65.9246
65.9246 65.9246
65.9246 65.9246
65.9246 65.9246
65.9246 65.9246
65.9246 65.9246
65.9246 65.9246
65.9246 65.9246
65.9246 65.9246
65.9246 65.9246
65.9246 65.9246
65.9246 65.9246
65.9246 65.9246
65.9246 65.9246
65.9246 65.9246
65.9246 65.9246
65.9246 65.9246
65.9246 65.9246
65.9246 65.9246
65.9246 65.9246
65.9246 65.9246
65.9246 65.9246
65.9246 65.9246
65.9246 65.9246
65.9246 65.9246
65.9246 65.9246
65.9246 65.9246
65.9246 65.9246
65.9246 65.9246
65.9246 65.9246
65.9246 65.9246
65.9246 65.9246
65.9246 65.9246
65.9246 65.9246
65.9246 65.9246
65.9246 65.9246
65.9246 65.9246
65.9246 65.9246
65.9246 65.9246
65.9246 65.9246
65.9246 65.9246
65.9246 65.9246
65.9246 65.9246
65.9246 65.9246
65.9246 65.9246
65.9246 65.9246
65.9246 65.9246
65.9246 65.9246
65.9246 65.9246
65.9246 65.9246
65.9246 65.9246
65.9246 65.9246
65.9246 65.9246
65.9246 65.9246
65.9246 65.9246
65.9246 65.9246
65.9246 65.9246
65.9246 65.9246
65.9246 65.9246
65.9246 65.9246
65.9246 65.9246
65.9246 65.9246
65.9246 65.9246
65.9246 65.9246
65.9246 65.9246
65.9246 65.9246
65.9246 65.9246
65.9246 65.9246
65.9246 65.9246
65.9246 65.9246
65.9246 65.9246
65.9246 65.9246
65.9246 65.9246
65.9246 65.9246
65.9246 65.9246
65.9246 65.9246
65.9246 65.9246
65.9246 65.9246
65.9246 65.9246
65.9246 65.9246
65.9246 65.9246
65.9246 65.9246
65.9246 65.9246
65.9246 65.9246
65.9246 65.9246
65.9246 65.9246
65.9246 65.9246
65.9246 65.9246
65.9246 65.9246
65.9246 65.9246
65.9246 65.9246
65.9246 65.9246
65.9246 65.9246
65.9246 65.9246
65.9246 65.9246
65.9246 65.9246
65.9246 65.9246
65.9246 65.9246
65.9246 65.9246
65.9246 65.9246
65.9246 65.9246
65.9246 65.9246
65.9246 65.9246
65.9246 65.9246
65.9246 65.9246
65.9246 65.9246
65.9246 65.9246
65.9246 65.9246
65.9246 65.9246
65.9246 65.9246
65.9246 65.9246
65.9246 65.9246
65.9246 65.9246
65.9246 65.9246
65.9246 65.9246
65.9246 65.9246
65.9246 65.9246
65.9246 65.9246
65.9246 65.9246
65.9246 65.9246
65.9246 65.9246
65.9246 65.9246
65.9246 65.9246
65.9246 65.9246
65.9246 65.9246
65.9246 65.9246
65.9246 65.9246
65.9246 65.9246
65.9246 65.9246
65.9246 65.9246
65.9246 65.9246
65.9246 65.9246
65.9246 65.9246
