0.261935 0.586598 1.5973 0.983355 
3.05088 1.214 0.846781 1.20617 
0.0318696 2.41427 0.823257 0.977641 
2.34087 0.408362 1.22661 0.947266 
0.23115 1.27856 0.666836 1.12044 
0.584823 0.757025 1.06613 1.08048 
1.86691 0.733543 1.4544 1.14949 
0.721633 0.664244 1.04372 1.01141 
0.915745 2.83941 1.28088 0.938626 
0.11651 1.27619 0.796997 0.927445 
0.426915 2.19303 1.08862 0.910226 
0.22421 0.25031 1.17637 1.08806 
0.69342 1.26855 1.61817 0.880855 
0.691726 1.48452 1.17604 0.975368 
0.518745 0.341688 0.845993 1.11098 
4.6511 0.659217 0.951149 0.972428 
0.712804 1.89705 1.01399 0.770205 
0.131456 1.22661 1.09218 0.947347 
1.38897 0.178986 1.26636 0.97792 
1.41347 0.780505 0.633983 0.837953 
0.97357 1.86124 0.701893 0.933142 
0.228161 0.423969 1.27532 0.901439 
0.52274 0.293744 1.02644 0.828351 
0.174654 0.488982 0.721344 0.949818 
1.48896 0.499683 1.06946 0.905081 
1.41403 0.69177 1.51046 0.857958 
0.0260671 0.88704 0.81248 1.09185 
1.04926 2.67045 0.762944 1.07865 
0.591737 0.475099 1.20278 0.923948 
1.68296 0.727007 0.785118 1.21 
0.138902 1.68525 0.89007 0.905751 
1.06137 1.687 0.859487 0.868571 
1.12631 1.82144 0.604429 1.06981 
0.197751 0.239365 0.73641 1.06426 
0.273599 0.394968 0.626734 0.964848 
2.47135 0.883969 1.14463 0.954749 
0.0165628 0.985315 1.13547 1.19093 
0.304916 1.39223 0.486061 0.963078 
0.370056 0.798207 0.93222 1.08235 
1.7568 1.21887 0.468057 1.0371 
0.400394 1.87085 0.499707 0.901277 
2.62622 1.9295 1.01461 1.02135 
0.163001 0.221649 0.825629 1.15888 
0.358171 0.4169 0.814675 1.09914 
2.46055 1.20276 0.629321 0.920974 
1.2134 0.792878 1.22271 1.08329 
1.79864 0.902895 0.808424 1.10548 
0.30809 0.493526 1.12934 1.01174 
0.235327 1.20018 1.13621 0.968106 
1.44195 0.68192 1.13601 1.05277 
0.168046 0.351193 1.42754 0.97282 
0.65332 0.945564 1.00221 1.08784 
0.0516294 0.846394 0.752676 0.869014 
0.754063 1.11944 1.38029 1.0945 
0.993249 0.749524 1.51191 0.977097 
0.748191 0.676112 0.989567 0.917496 
1.71781 1.86554 0.840198 1.02498 
0.0839216 0.740502 0.920236 0.950609 
0.328903 1.88965 0.958573 0.88277 
0.175304 0.261493 0.863993 1.07465 
0.924202 0.212695 0.734573 0.956687 
0.826673 0.482696 1.70697 0.984923 
0.470568 0.352287 0.537365 0.922277 
1.14028 0.578089 0.854713 1.10124 
3.5222 0.526848 0.972544 1.06532 
1.59847 1.82636 0.956297 0.862627 
1.79176 0.202402 1.10679 1.01201 
0.944515 0.869935 0.917312 0.852989 
3.41279 0.10936 1.0681 1.12097 
0.0709722 0.754473 0.735596 1.01771 
0.221674 0.359954 0.983192 1.06004 
0.247117 0.943084 1.36438 1.09453 
0.399376 1.7553 1.04913 0.983212 
2.33756 0.864957 0.738997 1.12855 
1.17278 0.257496 1.44896 1.05964 
0.971106 1.63305 1.44158 0.943144 
0.59317 0.676292 0.79569 1.02213 
0.285937 1.59031 1.08589 1.04399 
0.316326 0.370424 0.769317 1.00227 
0.585144 1.35735 0.594153 0.990825 
0.0431001 0.351465 0.511667 1.08048 
3.32087 0.475918 1.2427 1.05396 
2.8776 0.386543 0.963701 1.07215 
2.36806 0.378309 0.736562 1.03965 
0.210598 2.33517 1.25965 1.03021 
1.16425 1.37417 0.974116 0.997471 
0.452456 0.316373 0.466776 1.04158 
0.372239 0.647496 1.0994 1.01362 
0.0440511 1.07871 0.970176 0.879706 
0.0145741 2.18874 0.937887 0.878674 
0.978406 1.07449 1.40692 0.942364 
0.386915 1.20416 0.792339 1.08076 
0.440187 1.07673 0.718893 0.957314 
0.0833484 0.482096 0.931917 0.932648 
1.8595 1.77509 1.66996 0.910568 
0.136157 0.190482 1.30018 1.03282 
0.520568 0.236395 1.35583 0.76371 
0.325567 0.419508 1.26928 1.05294 
0.833358 2.05696 0.844313 0.949859 
0.106913 0.65269 0.735226 0.915784 
2.4243 0.831167 0.844563 0.838009 
0.349693 0.78647 1.0692 1.13067 
0.399018 0.964499 0.594695 0.889178 
0.266259 1.49767 1.04689 1.06397 
0.863362 0.918675 1.16175 1.28732 
0.137462 0.133608 0.816239 1.15289 
0.122496 2.46712 1.29144 1.03193 
0.951312 0.65047 1.54008 1.01308 
0.804123 0.533442 0.735479 0.906059 
0.781565 0.852215 0.772903 1.14048 
0.315608 0.81406 1.16449 1.11157 
0.107594 2.42867 1.11609 0.940791 
1.08526 0.926543 0.993442 1.01838 
0.98987 0.587232 0.511635 0.94728 
0.445658 1.45687 0.871501 0.951379 
1.56049 0.984884 0.758429 0.962802 
0.321487 0.392294 1.08478 1.07244 
0.010828 1.29403 2.39045 0.90457 
0.119268 2.13395 0.844994 1.20247 
2.38356 1.27916 1.06019 1.02249 
0.0329723 0.629299 0.560323 0.871678 
1.65036 0.488872 0.755247 0.927339 
1.60145 1.35008 0.857613 1.07521 
0.870406 0.947595 1.0065 1.14366 
2.05259 0.303325 0.956465 0.994141 
2.73174 1.0686 1.2529 1.10591 
0.399363 0.666891 1.08703 1.06762 
1.47242 0.517682 1.16498 1.13316 
0.760648 2.99514 1.19124 0.989877 
1.03468 0.499492 0.698092 1.0569 
5.30001 0.165403 1.16232 1.07263 
0.406043 2.40817 1.00925 0.954611 
0.286547 0.465346 1.00971 1.00558 
0.759179 1.17513 1.6377 1.06455 
1.07803 0.00907283 0.986409 1.16119 
0.504248 0.788643 0.854968 0.934474 
0.275101 2.70818 1.08164 0.979807 
0.537968 0.93394 0.913644 1.11872 
0.958475 1.79286 0.612234 0.850844 
0.0114538 0.767184 1.15784 1.0558 
1.9905 0.543181 0.696688 1.2092 
1.20275 1.63894 1.19683 0.9454 
0.14886 0.398997 0.880044 1.09816 
1.84402 0.201316 0.570507 0.944737 
0.452494 1.62433 0.652428 1.02236 
1.43723 0.224894 0.740209 1.03278 
0.679257 0.204653 0.855376 0.835358 
1.03555 1.36747 0.750755 0.886701 
1.60396 0.972188 1.09805 1.0753 
1.34042 0.188833 0.744862 1.08026 
0.164104 0.750796 0.697676 1.06449 
0.809159 0.278583 1.11787 1.0983 
0.236143 0.588575 0.890754 0.853905 
0.488314 2.55518 0.686412 0.951742 
1.85888 0.873754 0.428475 1.05555 
0.327622 0.818824 1.22955 0.902319 
0.0569695 0.3271 1.10534 0.974636 
1.12889 0.123689 0.722807 1.07939 
1.10527 1.18248 1.71524 1.13345 
1.15473 0.850317 1.00622 0.965042 
0.452842 0.744688 0.521284 1.06987 
1.92345 0.455671 1.15509 1.10823 
1.06739 0.470784 0.866651 1.06269 
0.0214314 1.25647 1.11173 0.987569 
0.601636 1.14846 0.947745 1.18489 
0.0328721 1.71094 1.18463 0.959713 
0.0449163 0.663884 1.03591 1.15867 
4.07514 0.661196 0.744422 0.893246 
0.242283 0.464591 1.08122 1.02215 
0.562091 0.432775 0.674185 1.10271 
0.4119 0.230176 0.794314 1.0556 
0.812456 0.140971 0.857961 0.961189 
0.254962 0.488329 1.50724 0.935758 
0.027966 0.449921 1.08206 1.01611 
0.391518 1.29558 0.812209 1.03615 
0.392898 1.98164 1.22479 0.897818 
1.58829 0.489868 1.06316 1.13664 
0.342412 2.64651 0.708573 0.96168 
0.279544 0.715518 1.05722 0.986111 
1.24183 0.703044 1.10068 1.13049 
2.00461 1.73388 0.620175 0.839377 
0.522433 0.513293 1.40397 1.22209 
2.1591 0.456209 0.357478 1.06257 
0.0801727 1.04843 1.09213 1.00633 
0.732347 3.31108 0.817746 1.03804 
1.58389 0.547747 1.34874 1.0215 
0.557728 0.455544 1.28717 0.837465 
0.324456 1.71282 1.14912 0.933053 
0.0344595 0.781454 0.964093 0.869463 
0.0723486 1.98304 1.68073 0.828041 
0.466144 0.973907 0.634568 0.98265 
0.142368 0.647603 0.90007 1.18186 
1.9142 0.450501 1.30736 1.06615 
1.61386 0.573033 0.756456 1.04244 
0.0623598 0.437403 1.83877 0.907003 
0.497762 0.692129 1.38181 0.939949 
0.672039 0.587094 1.50544 1.08954 
1.31275 0.744319 2.16869 0.932277 
0.574412 0.232251 0.705682 0.832146 
0.681345 0.170578 0.755631 1.16995 
0.239522 1.83236 0.852595 0.979101 
0.216569 1.27871 0.512604 0.992715 
0.457498 0.323898 1.4543 0.942827 
0.353231 1.01748 0.537491 0.888333 
2.07706 1.07347 0.667685 1.02837 
1.43653 0.782423 1.15547 0.797426 
0.75005 0.35183 1.17334 0.745661 
1.44151 0.438519 0.854682 0.875817 
0.593777 0.739265 0.717936 0.991659 
0.0036116 1.32053 0.793653 1.09209 
0.96104 0.372584 0.851505 0.943366 
0.272178 0.800987 0.44907 1.14936 
2.75486 1.28729 1.19945 1.0658 
0.282935 1.06941 0.706333 0.902592 
0.172452 1.02649 1.05495 1.13747 
1.77124 0.787818 1.09009 1.03653 
0.144915 0.122538 1.09647 1.15409 
0.746875 0.0867378 0.412253 0.992913 
1.391 1.42158 0.821827 1.27909 
1.10538 0.967386 0.782184 0.927949 
0.334091 0.0890065 0.772075 0.960788 
0.0905915 0.616064 1.41047 0.857931 
0.610657 2.37917 0.822045 1.04221 
0.509856 1.65413 1.03988 0.90927 
1.01734 0.328236 1.13386 1.19274 
3.26923 2.06176 0.582751 0.925431 
0.769684 1.09442 0.881644 0.90195 
1.42553 1.59823 0.546317 0.974293 
0.16265 0.27824 0.922283 1.06119 
1.46571 1.69915 1.30089 0.793245 
0.836734 0.329294 0.867209 0.92965 
1.68884 0.521818 0.560029 1.0694 
0.439682 0.172058 1.32468 1.13925 
4.52919 0.848819 0.792572 0.96613 
1.70515 0.54875 1.18521 0.851089 
0.617253 0.196608 1.70896 0.90086 
1.4716 0.985795 0.662974 1.0395 
0.0671724 1.52482 1.82516 1.14995 
0.72629 1.29429 1.03491 1.0575 
1.90597 0.43316 0.947641 1.09513 
2.45279 1.16299 0.68863 1.16977 
1.0432 0.973061 0.803409 0.995618 
0.441235 1.2971 1.44956 1.10602 
0.0955092 3.1533 1.31479 1.13873 
3.94121 2.90057 1.18297 0.848561 
0.876561 0.685097 0.855799 0.920439 
0.770549 0.87761 0.581682 0.83651 
1.80609 0.233786 0.866491 1.0731 
0.226523 1.77866 0.990566 1.32323 
1.31008 1.45051 1.35745 1.20577 
0.0533613 0.746469 0.689772 1.05733 
0.823105 2.45342 1.00532 1.07955 
0.529889 0.230292 0.761584 1.04399 
1.06893 0.442783 0.710242 0.861399 
0.679545 0.881115 0.942285 1.13531 
0.84994 0.754558 1.17825 1.0322 
0.0774521 0.988679 0.920756 0.920068 
1.10537 1.53211 0.683848 0.962554 
2.36546 1.57576 1.16138 1.12719 
2.42932 1.08073 0.632277 1.03619 
0.308272 0.48232 0.940871 0.937428 
0.750965 0.415906 1.58633 0.955047 
0.0677274 0.677865 2.04557 1.02232 
0.0824613 0.0669145 0.946521 1.02645 
0.355384 0.531688 0.507421 1.1163 
0.975683 0.238112 0.706462 0.892883 
5.1226 0.450042 1.88091 0.948741 
2.16357 0.749038 1.11782 0.994259 
0.0712152 0.375565 0.569994 1.02122 
0.323121 0.997905 0.781485 1.20593 
1.05378 0.644375 0.526862 1.04867 
0.152712 0.757693 0.905979 1.03674 
2.61345 0.463084 1.52964 0.914582 
0.143666 1.83883 1.53673 0.831809 
2.40905 0.163928 0.829354 0.897798 
1.12218 1.36527 0.426487 1.11483 
0.0182349 1.19294 0.804302 1.00533 
0.294865 0.905747 0.880153 1.14058 
0.777043 0.540232 0.889382 1.00909 
0.12394 0.526538 0.662722 0.959303 
0.908869 0.649315 1.03193 0.998227 
0.366348 1.7706 1.40669 1.16039 
1.1518 2.21734 0.68165 1.00996 
2.5228 1.91977 0.977132 1.04206 
0.859319 0.192246 1.17619 1.05731 
0.191862 0.0474542 0.638238 0.911969 
1.99886 0.742634 0.614839 0.879027 
0.310573 1.29567 1.52676 0.924454 
0.738181 0.812787 0.708391 0.937775 
0.0162048 0.347784 1.18441 0.989907 
4.85226 0.988734 1.19109 0.972354 
0.389376 1.16413 1.04952 1.00131 
1.75623 0.480601 0.607902 1.11094 
0.186342 0.273069 0.520328 0.977867 
0.0624286 0.110899 0.752766 1.07407 
0.248267 0.737522 1.08402 1.04133 
2.11051 0.812124 1.16834 0.951107 
0.100614 0.947739 0.938023 0.817632 
1.01821 0.516064 0.97725 0.994915 
0.0355916 2.90364 0.790689 0.951037 
1.38708 0.269288 0.525723 1.1957 
0.556512 1.07344 0.39168 0.901094 
0.136434 0.699074 1.45765 1.04794 
2.03412 0.142582 1.13526 1.09695 
0.180917 0.951239 1.22945 1.12163 
2.20452 0.608897 0.67822 1.01037 
1.3304 1.47751 0.639709 0.88938 
0.197062 1.2212 0.792794 0.979036 
0.0672445 0.641918 0.952818 0.881537 
0.0271377 0.829531 1.84036 0.996522 
1.82536 0.64543 0.639877 1.02029 
0.2509 0.625274 0.965012 1.11694 
1.21874 0.903974 0.761675 1.06754 
2.12832 1.7667 0.465592 1.09889 
1.54989 1.59588 1.18759 1.07065 
0.677242 0.360466 1.23217 1.16768 
0.845341 0.836501 0.699157 0.995208 
1.45215 0.210584 0.482558 0.802046 
0.269323 0.939163 1.06758 0.980088 
0.349799 1.72757 1.25084 1.06342 
2.53651 0.367565 0.619531 0.992008 
0.511424 0.449895 0.805031 1.07064 
3.48088 1.84109 1.48759 0.936455 
0.199809 0.14833 1.23705 0.964345 
0.00861685 0.450606 1.00845 1.07332 
1.16001 0.969194 0.651741 0.928658 
0.259629 0.462803 0.533665 0.974475 
0.252945 1.72744 0.84343 0.911513 
0.329446 2.19267 0.681215 0.905904 
1.01706 1.79745 0.994322 0.91144 
0.321726 0.305575 1.24929 0.95674 
0.861702 2.56533 0.775735 0.865285 
0.500526 0.881732 0.892469 0.955058 
0.00833874 1.20856 1.11997 0.889634 
2.55174 0.350106 1.16884 1.16505 
0.246868 0.348044 1.5155 1.0149 
1.82338 1.52145 0.480353 0.976482 
0.415956 1.91245 1.18076 1.07877 
2.83089 0.282278 1.5599 0.895321 
0.15839 1.92369 1.06055 0.933956 
0.646628 0.755626 0.738863 1.00593 
0.0207224 0.731315 0.674572 0.753135 
0.536708 0.731371 0.879553 0.905555 
3.02832 1.0086 1.39583 1.15731 
0.261288 0.753599 0.959455 1.00746 
1.08423 1.04181 0.816616 0.925941 
0.789098 0.541224 0.469813 0.977413 
1.57886 0.469842 1.13412 0.98251 
0.77222 0.330544 0.341194 0.988476 
0.371435 0.903807 1.22411 1.24352 
0.26721 3.2743 1.19665 1.10783 
0.332652 0.262194 1.03771 1.09063 
1.00317 0.155515 0.947644 0.962587 
1.18425 0.234745 0.922569 0.945946 
0.785962 0.184116 0.857907 1.00067 
0.280268 0.692381 1.63907 0.887066 
0.0815167 0.667539 1.21439 0.99599 
0.6078 0.579431 0.759881 1.00784 
0.370365 1.0528 0.97894 0.988696 
0.0768459 1.77941 1.03165 0.902207 
1.32232 1.00667 1.2512 0.928714 
0.149205 1.23273 1.04299 1.02399 
0.987059 0.230297 1.15407 1.02551 
0.762589 1.99024 0.79921 1.09606 
0.104826 0.955149 1.00594 1.13445 
7.43203 0.294943 0.962702 1.05531 
0.607628 1.23426 0.668696 1.01363 
0.0388623 1.47784 1.03823 0.947675 
0.0388938 0.421849 1.13467 0.937352 
0.73846 0.347553 1.19755 0.996279 
0.300423 1.15217 0.767871 0.872772 
0.44181 0.285752 0.993057 0.924991 
1.15788 0.453739 0.985145 1.01962 
0.164253 0.984518 0.825478 0.962485 
1.14647 0.648671 0.963435 0.976062 
0.320819 0.786549 0.804762 1.0216 
0.027598 0.510549 1.41282 1.12899 
0.202405 0.284024 0.657616 0.988318 
0.023531 1.39408 1.41468 0.852462 
0.187542 0.500238 0.703019 1.12144 
0.429125 0.426355 0.657618 0.947526 
0.25156 1.15899 1.64387 0.952269 
0.413517 0.606898 0.584203 0.899798 
0.262052 1.04399 1.29245 1.0517 
0.822862 0.526004 0.666445 0.914404 
0.0515885 0.177458 0.640319 1.12748 
3.75158 0.117686 0.427831 0.895149 
0.708466 1.00429 0.614307 1.14013 
0.245386 1.79 0.823791 1.21048 
0.364152 0.940927 1.01478 0.985556 
0.0839583 0.269061 1.14275 1.02245 
0.500839 0.607433 1.29163 0.950755 
1.2938 0.785436 1.0664 0.98291 
2.96055 0.750621 0.856059 1.2129 
0.139683 0.766868 0.861787 0.842614 
5.84055 2.40331 1.45446 0.990779 
0.819925 0.484774 1.13165 1.08882 
0.164217 1.11249 1.24265 0.873315 
3.28078 0.421851 1.24487 0.984544 
5.77531 0.168819 0.795214 1.15696 
2.03687 1.16263 1.13587 1.03961 
1.77421 1.08137 1.11353 0.888296 
0.448589 0.715468 0.944081 1.08134 
0.0354463 0.606686 0.871844 1.02286 
0.426739 0.824115 0.930789 0.883648 
0.844545 1.84744 1.04077 1.03231 
0.827291 0.22522 0.864612 0.96081 
0.582981 0.886367 0.364001 1.04401 
3.02858 0.670749 0.638672 0.952838 
2.62987 1.5608 0.611089 0.979497 
0.905049 2.60799 1.52111 1.13656 
2.65063 1.06204 1.15532 1.07102 
0.965668 0.165366 0.941301 0.868241 
4.77505 1.46636 0.880779 0.933724 
4.0186 1.91215 0.738401 1.08944 
0.018698 3.85312 1.31469 1.00078 
0.765174 0.857125 0.602048 1.14002 
0.418106 3.184 1.62905 1.04017 
2.6817 4.55324 1.04691 0.970413 
1.19034 0.398759 1.11244 1.14804 
0.265795 0.158365 0.800776 0.926841 
0.0909894 1.46328 0.852125 1.13865 
1.57425 0.900978 0.513826 1.13058 
1.52046 0.798354 1.36513 1.01052 
1.36978 0.750909 0.701079 0.975329 
0.0760928 3.26736 1.06924 1.08332 
0.744112 0.944047 0.422595 1.0397 
0.555711 1.67868 0.938557 1.06275 
0.325276 0.291384 1.21479 0.941914 
0.757615 0.815728 1.6059 1.08649 
0.855653 1.39481 1.63318 0.938584 
0.211244 1.241 1.23918 1.11734 
0.435334 0.403013 0.547184 1.0913 
2.28741 1.04878 0.881931 0.973637 
0.698191 0.613118 0.907889 0.960952 
0.469368 0.432419 1.37664 0.829981 
2.04833 0.362635 0.661817 0.997927 
0.12128 0.455144 0.547435 0.938889 
0.759416 1.52545 1.19084 1.06049 
0.3517 0.256027 0.96251 0.989368 
1.33589 0.393185 1.02561 1.26202 
1.79738 0.61825 0.954453 0.84171 
3.2332 0.598986 0.46305 0.846819 
0.766296 1.43225 1.16705 0.898478 
0.477458 0.532195 1.02557 0.918008 
0.650034 1.48958 0.96805 1.06075 
2.00242 0.57031 0.849981 1.05657 
1.96506 0.698129 1.11168 1.03047 
3.90812 1.56505 1.22409 0.890645 
0.263291 1.06261 0.91641 0.886251 
0.189449 0.436143 1.16851 0.95027 
0.859189 0.611116 0.859345 0.846234 
0.18681 1.34083 0.779951 0.887154 
1.40518 0.724423 0.680183 1.13921 
0.0704783 0.321867 1.34948 1.12353 
1.83832 1.14471 0.827758 1.10268 
0.787915 0.680726 0.814645 1.11436 
1.37633 2.4461 1.33674 0.817675 
0.772319 0.490348 0.952795 1.02543 
0.701453 1.74723 0.82306 1.08973 
2.77144 0.303999 0.501948 1.01469 
0.388224 0.15389 1.21742 1.13157 
0.122269 1.53081 0.486993 0.932417 
0.209485 0.901042 0.762764 0.991341 
0.104347 1.26662 0.986167 0.814275 
0.943963 0.674285 1.1876 0.918263 
0.707148 0.434127 0.67367 0.971923 
0.493628 1.41086 0.873144 0.952233 
0.447068 0.927067 0.663331 1.02854 
1.45448 0.114376 1.0289 1.09905 
0.966282 0.8752 1.00283 0.994495 
1.50298 0.844281 1.24253 0.933979 
2.26652 0.884628 1.24998 0.869315 
1.15818 0.983822 0.829768 1.10219 
1.34158 0.187543 0.889244 0.953565 
2.17543 0.460345 1.17181 0.919986 
0.49829 0.299216 1.14147 0.97715 
3.43103 0.616746 1.16664 1.02743 
0.651893 0.669576 0.759823 1.2111 
1.19235 1.9257 1.21122 1.11868 
1.91162 0.256079 0.76932 0.923685 
2.09895 0.283664 0.708957 0.944503 
0.0908908 1.24453 1.225 0.891469 
0.0953557 0.358321 0.849512 1.04488 
1.72404 1.27168 0.86929 0.988364 
3.05541 0.843869 0.529205 0.967183 
0.295718 0.828088 0.728514 0.882577 
2.42037 0.735019 0.945073 1.02772 
2.59825 2.01331 0.862757 1.13937 
0.491329 0.774426 1.24199 0.921105 
1.05236 0.900561 1.02908 0.969182 
0.842074 1.01343 0.761388 1.07494 
2.50576 2.0838 0.962805 1.01366 
2.12651 1.47405 1.28288 1.11761 
0.913762 0.597579 1.51445 1.03437 
0.760269 2.17952 0.758746 0.879977 
1.42037 1.61905 1.26621 1.05016 
0.285929 1.32548 1.1762 1.10933 
0.0915895 0.797282 1.62049 0.987668 
0.081698 1.08692 1.40326 1.08303 
2.94481 2.37676 1.26634 1.01222 
0.130791 1.45357 1.14582 1.10112 
0.46507 0.937212 1.13442 1.11712 
0.965694 1.07737 2.03553 1.07191 
1.0343 0.201612 0.581137 1.01278 
0.484861 0.283595 0.840925 0.858395 
1.06789 1.13521 1.438 0.952978 
1.05975 0.395056 0.576433 1.07298 
0.124994 2.02739 1.05511 0.911626 
4.18415 2.02835 0.601673 0.866203 
1.83747 1.43732 0.835735 0.892523 
0.780327 1.63396 0.600378 0.922954 
1.89016 0.890259 1.04007 1.24467 
0.313084 0.346108 1.45475 0.937857 
0.0496424 0.573544 0.588594 1.12352 
0.367604 0.259507 1.5977 1.0609 
0.148062 1.28772 0.770202 0.778985 
0.119288 1.31663 0.762803 0.95546 
0.292208 0.360864 1.5716 1.02343 
0.66683 0.844209 1.22862 0.942203 
0.0504996 0.657135 0.806192 0.920261 
2.73383 1.42905 1.90847 1.06253 
3.00817 1.73182 0.663328 1.03471 
0.96077 2.62783 0.916804 1.16031 
3.24604 1.89024 1.56792 0.961881 
0.0587407 0.308177 0.728398 1.06025 
0.602363 1.69046 0.514045 0.982564 
1.10887 1.02652 1.22877 0.964782 
0.278814 0.22662 1.69071 0.757187 
1.45868 0.586271 0.841542 0.810031 
0.69507 0.596655 0.795212 1.0883 
2.44284 0.571277 0.992351 1.11324 
0.743746 0.576092 0.811346 1.07524 
2.00356 1.58117 1.58024 0.919132 
1.50344 0.66236 0.905347 0.817348 
0.283327 0.999165 0.859054 0.652032 
1.87295 0.789375 1.1535 1.07569 
0.108943 1.04719 1.84287 0.975061 
0.382775 0.742178 0.90865 1.13289 
1.17497 0.384258 0.417563 0.845042 
0.394866 0.593805 0.552073 1.10191 
1.98001 0.795455 0.922934 0.9832 
0.577308 0.659407 0.798197 1.01879 
1.45995 0.318706 0.608584 1.06208 
2.24123 0.167841 0.46395 1.14391 
0.218315 0.558837 1.21982 0.954905 
0.958349 0.777079 1.12038 0.974812 
0.216377 0.716623 1.60738 1.07685 
0.762608 1.06228 0.718995 0.876269 
0.0553672 1.10011 1.15344 1.15167 
1.52959 0.291972 0.611362 1.06208 
0.409519 1.05801 1.01004 1.01516 
0.318467 0.693513 0.55986 0.97087 
0.847992 1.72708 1.09572 0.932449 
0.0723012 0.692509 0.977202 0.954636 
2.06877 4.08474 0.52459 1.00781 
3.9242 1.55852 0.87945 1.11538 
1.44684 1.28461 0.613121 0.804562 
0.574406 0.967647 0.71102 1.02487 
0.424189 0.15477 1.15943 1.19206 
1.28895 1.43271 0.655368 1.06171 
0.234093 0.62795 0.673986 0.956839 
0.77549 0.686954 0.832952 1.16115 
1.04048 0.613247 0.610743 0.984366 
2.1057 0.324148 0.788203 0.954324 
0.282433 0.117386 0.994137 0.907829 
0.164492 0.421737 1.01077 0.958225 
2.00728 0.440926 1.16072 1.1527 
4.29972 0.0820309 1.01801 0.892723 
0.397427 1.14315 0.760213 1.1065 
0.826785 1.02674 0.503169 1.11405 
0.735223 0.161332 1.74704 1.14376 
0.452655 0.552144 1.26953 1.06295 
0.0706868 0.729272 1.49718 0.934851 
0.491328 2.08516 0.670618 0.966832 
0.413044 1.4018 0.842768 1.08573 
2.23676 1.27891 1.06754 1.03544 
1.92044 0.851488 0.69857 1.05466 
0.843988 0.599562 0.896137 0.950356 
0.239358 0.55709 1.02004 1.00659 
0.100236 1.76199 0.9114 0.97531 
0.103859 0.963772 0.508643 1.01019 
0.146364 0.23238 0.694275 1.28578 
0.377361 0.690705 0.693999 1.06229 
0.701638 0.294565 1.14153 0.913935 
1.77442 0.258426 0.692401 1.04336 
0.236605 1.7984 1.1109 1.22329 
2.71509 1.48097 0.943291 1.10022 
0.0269806 1.06886 0.96481 0.925879 
1.68689 0.799944 0.490043 1.03206 
0.337445 0.578523 1.0088 1.06734 
0.559221 0.673278 0.716414 1.03875 
0.51018 1.12505 1.23185 0.894454 
0.27919 0.33532 0.631603 1.08601 
1.9549 0.942596 1.27394 1.02344 
0.583757 0.709629 1.0116 0.925074 
0.244649 1.35533 0.590227 1.04362 
0.859901 1.80563 1.30118 0.971034 
3.99849 1.78264 1.05076 1.11533 
1.37915 2.89998 1.0341 0.962034 
0.178517 0.729245 0.636708 0.968343 
1.49226 1.12701 0.689037 1.06247 
0.520029 0.201769 0.945003 0.902549 
2.12969 2.17884 0.760163 0.946815 
0.063392 1.87783 1.28897 1.10528 
0.349796 3.14348 1.16809 0.903919 
1.61243 0.430304 1.02 1.04277 
4.36648 1.57924 1.25185 1.10999 
1.46523 0.926117 0.911025 0.925033 
0.0766841 0.52143 1.03892 1.105 
1.50595 0.518422 0.713774 0.934922 
1.30932 0.837308 1.37606 1.03479 
1.15206 1.93548 0.608121 0.958364 
1.16593 0.420994 0.461334 1.03156 
0.462682 0.398011 0.738996 1.02743 
2.05276 0.516688 0.395694 1.03724 
0.0878781 1.28454 0.540969 1.07781 
0.0822243 0.576463 1.03281 1.09823 
0.296326 0.52486 0.770923 1.01527 
0.648153 0.23338 1.23752 1.01505 
0.50594 0.594788 0.697446 0.897055 
0.00595149 0.683041 0.721302 1.00598 
0.0569796 1.36242 0.99301 1.123 
0.208175 1.39384 1.05461 1.01744 
0.0375605 0.134872 1.30163 1.08046 
1.89487 0.337604 0.890098 0.918878 
1.01952 2.17308 0.755028 1.04444 
0.386754 0.436365 1.27489 1.00237 
0.107018 0.190897 0.996781 1.1846 
1.296 0.170989 0.575243 1.04237 
1.32722 1.22582 1.1305 0.935445 
1.25126 0.26355 0.993639 0.963123 
0.113806 2.34387 0.821994 0.951317 
0.219215 0.876394 0.916888 0.940556 
0.839805 0.458242 0.523069 1.04415 
0.435379 0.4243 1.30569 1.05775 
0.346902 0.247542 0.795641 0.893852 
0.356985 0.359553 1.37696 0.87109 
0.447086 0.354099 1.47306 0.892131 
0.417967 1.16935 0.792039 0.992594 
1.43354 0.553733 0.840822 0.933998 
0.219711 0.519298 0.90063 0.919896 
2.37216 0.838709 1.79571 0.950314 
0.292663 0.599928 0.896734 1.13739 
2.78258 0.392324 1.11341 1.26278 
0.716485 0.630116 0.95508 0.856628 
3.71771 0.479551 1.11967 1.02155 
0.296279 0.466833 0.748395 1.08618 
0.20975 0.108681 1.82955 1.01785 
0.495689 1.33506 1.87668 0.940533 
3.417 1.37923 1.77985 1.17745 
0.794864 2.01929 0.97282 0.912786 
2.23645 0.908542 1.2799 0.979171 
0.635973 2.97181 1.9981 0.815024 
0.19592 1.64993 1.11195 0.999123 
0.0166019 3.35732 0.922414 1.13759 
0.343317 1.29572 1.62325 1.08494 
0.128171 0.134864 1.40262 1.0602 
0.889682 1.05708 1.28002 1.17556 
2.67134 0.446574 0.867123 0.979272 
1.47251 0.640061 1.39201 0.927245 
0.986488 1.29063 0.754753 0.996235 
0.982791 1.38463 0.776097 0.936399 
1.63751 0.919067 1.08116 0.91391 
0.249652 1.12597 0.937194 1.02319 
0.0693501 0.624416 0.831603 1.0117 
0.896956 0.254911 1.00769 0.975317 
0.0513602 0.379749 0.645945 0.978991 
0.206019 1.63735 0.773268 0.92978 
0.710229 1.39578 0.973543 1.16006 
0.12288 0.606054 0.547087 0.998701 
4.65419 1.11151 0.734813 1.00663 
0.00846677 0.659854 1.20432 1.13792 
0.848026 0.388292 1.43295 0.998365 
3.22167 0.529759 1.25327 0.986388 
0.666003 1.3433 0.498682 1.00145 
0.192699 1.65495 0.801938 0.978756 
0.148864 0.744659 1.2017 0.958117 
5.49883 1.7586 0.964578 0.94056 
0.535453 0.634606 1.05169 0.957578 
1.42785 0.834921 0.758468 0.859805 
1.60118 2.88885 0.940299 0.931816 
0.304855 1.5992 1.29712 0.964026 
0.530988 2.54854 0.514104 1.12776 
0.259162 0.891959 0.629216 0.911782 
0.330784 0.378056 1.97462 1.27542 
0.270953 2.20987 0.766916 0.872051 
0.902489 0.237068 0.888759 1.02017 
1.5664 0.435802 1.38192 0.991531 
0.232092 0.442022 0.981599 1.12071 
0.323761 1.54017 1.69459 1.17826 
1.01501 0.734553 1.08572 1.02753 
2.0206 0.998184 1.24435 1.04334 
1.55249 1.04089 0.86956 0.985093 
0.423827 0.387568 1.11182 0.843999 
0.175785 0.907972 1.09217 1.1057 
1.0281 2.06577 0.964214 1.01886 
0.163213 2.34544 0.68008 0.955132 
0.775805 0.373812 0.875414 1.04286 
0.482987 0.251666 0.739464 0.957494 
3.73307 1.06361 1.33668 1.02843 
0.465007 1.64755 1.00647 1.05092 
0.648145 0.346128 1.41899 1.10103 
0.69173 0.334307 1.20327 0.955026 
0.503528 3.33388 1.53494 0.992283 
1.16138 1.46054 0.678664 1.03458 
1.07865 0.795817 0.967005 0.896339 
0.221391 3.29374 0.7409 0.913805 
0.212664 0.482206 0.910622 1.15101 
0.177983 1.70111 1.50998 1.19747 
0.950339 1.0224 1.10549 1.09723 
0.875931 1.03114 0.708544 0.958594 
3.04955 1.36225 0.75503 0.93019 
2.62956 0.143638 1.24199 0.969403 
0.894623 0.744466 0.618243 0.982768 
3.6548 2.69865 0.714026 0.898838 
0.874957 0.621041 0.624633 0.955562 
0.37851 0.236233 1.19416 1.01513 
0.592531 0.643178 0.516868 1.06957 
0.69843 0.447807 0.524071 1.07684 
0.00830317 0.913102 1.4034 1.09917 
0.502705 1.88298 1.03777 0.938422 
1.61792 1.80559 0.700933 1.0921 
2.69331 1.01108 1.11885 0.99853 
0.826686 1.51683 0.672076 1.02724 
1.70092 0.375793 1.26176 0.885608 
1.39019 1.43757 1.30245 1.02335 
0.0840906 0.594571 0.764494 0.984609 
0.407454 1.48045 1.61023 1.00282 
3.11931 0.622721 0.834521 0.902376 
0.328479 0.594696 1.29412 0.817233 
2.23387 0.850809 1.02216 1.16222 
0.716361 0.140914 1.14065 1.06411 
0.666241 0.845461 0.586672 0.937088 
0.562419 0.471671 1.05078 1.06021 
0.460591 0.0809499 1.43473 0.971023 
1.14641 1.61996 1.02335 1.01869 
2.82575 1.4526 1.20733 1.00357 
1.07597 1.29866 1.57716 1.11307 
2.59659 0.975346 1.43623 1.03684 
3.2124 1.42345 1.07539 0.950092 
1.92798 1.00635 0.981792 0.978173 
0.216067 0.972049 1.12421 1.21843 
0.871303 0.339758 1.38519 1.18037 
0.118191 0.541722 0.531425 1.01781 
0.0189309 0.927985 1.42159 0.991232 
0.483241 0.915304 0.725261 0.96918 
1.50024 0.85828 0.783887 1.10716 
0.370256 0.210796 1.03066 0.991821 
0.464038 0.670687 0.990712 0.863562 
1.84709 0.969286 0.813275 1.00752 
0.327325 0.636668 0.681625 0.983444 
2.18032 1.85994 1.14744 1.04931 
0.371764 0.454133 1.10827 0.94286 
1.63074 1.40383 1.3328 0.95434 
0.177345 1.71322 0.704078 1.09286 
0.079713 0.46315 0.539932 0.95485 
2.99466 1.21064 0.41377 1.0095 
0.725671 0.602359 1.00603 1.01061 
0.33923 1.53913 0.990213 0.913673 
0.218448 1.61105 1.18364 0.998127 
0.0714405 1.07665 0.889124 0.958114 
0.449407 0.330864 0.73379 0.998965 
0.167729 0.424566 1.48915 1.08634 
0.523099 0.286876 1.11778 0.917152 
0.628924 2.08624 1.22871 0.937292 
3.15903 1.03799 1.03531 1.21313 
2.83474 0.424687 0.444336 1.04801 
2.29185 0.572106 1.07915 1.1967 
0.0393036 1.28639 1.00933 0.84193 
0.895348 1.5336 0.932418 0.970094 
0.654428 0.755224 1.27911 0.95587 
0.255641 2.84153 0.914905 0.979976 
0.377371 1.79879 0.966592 0.987019 
1.58375 1.11735 1.23016 0.869315 
1.575 0.369045 1.14587 0.949657 
0.313159 1.79761 0.886067 0.964103 
0.391981 0.510607 0.901423 1.05883 
0.897116 2.00068 1.17394 0.918546 
0.82588 1.10557 0.882874 0.867882 
1.52616 0.729187 1.0451 1.04949 
0.806084 1.03106 0.805591 0.9568 
0.201722 0.529723 0.732958 1.03074 
2.54856 1.08272 0.965966 1.04268 
0.298723 1.60409 1.17745 1.0169 
0.303189 0.439469 0.651725 1.10852 
1.64088 0.367701 1.65755 1.02996 
0.872046 0.335398 1.11817 1.03485 
0.91945 1.09686 1.18103 1.07483 
0.880732 2.14796 1.3582 1.12708 
1.35738 0.231556 1.0859 1.08896 
0.490263 0.593389 0.475729 0.824523 
0.217198 0.876889 0.717336 1.10153 
0.465338 0.473163 0.834224 0.925501 
0.639383 2.48442 0.88825 1.0755 
1.38855 0.946274 1.36613 0.983242 
1.87377 0.581815 1.73773 0.949396 
0.867144 0.245028 0.857543 0.962748 
1.11255 1.66965 1.14968 1.09598 
0.284504 1.45963 1.12562 0.943857 
0.0196861 0.8036 0.557486 1.14658 
0.0258555 2.25732 0.487214 0.907837 
3.19415 0.7574 0.766568 1.1402 
0.343117 1.60728 1.56897 1.09094 
0.00293396 0.516617 0.578197 1.09161 
0.153685 1.14201 1.0135 0.819889 
0.136929 2.14411 1.0212 1.0299 
1.88281 0.89111 0.59533 0.846261 
0.180831 0.517406 1.42047 0.960395 
2.26379 0.695285 1.39543 0.944789 
0.387286 0.633037 0.668607 0.845405 
0.520119 2.59412 1.80223 0.991855 
0.514797 0.371389 0.802818 1.02697 
2.34968 0.571432 0.958706 1.18454 
0.834391 1.23114 0.95621 1.06052 
1.80683 0.19672 0.775571 0.985265 
0.0221319 0.624256 0.994266 1.03355 
1.24544 0.22606 0.545214 1.06018 
2.21684 0.673797 0.9269 0.950999 
1.27741 1.03504 1.16397 1.02834 
0.961897 0.248101 1.08167 0.935581 
1.79316 1.0578 1.09397 0.851568 
0.76362 0.314245 0.771277 0.922812 
0.733299 4.04607 1.04164 0.910726 
0.750281 0.81884 1.06406 0.941737 
0.155022 1.95989 0.857486 1.11641 
0.653737 1.208 0.902944 1.09843 
0.380736 2.54766 1.37989 1.05382 
0.0300653 0.667497 0.762204 1.1932 
0.144138 1.02549 0.952313 1.03201 
1.0716 1.79692 1.2105 1.28151 
1.63816 1.20114 0.68199 0.990952 
2.36479 0.170901 1.37721 0.962577 
3.02731 0.258586 1.76745 0.935575 
1.91291 0.399209 0.914718 1.13718 
0.805874 0.752012 1.78982 1.07627 
3.41204 0.7262 0.661537 0.96902 
0.945091 1.86889 1.37199 0.921078 
4.83525 0.772741 0.942715 0.964155 
6.02907 0.391938 1.02466 0.998816 
1.58479 0.70286 1.75383 0.990426 
1.38926 1.84048 0.718128 1.04505 
0.763434 1.2369 1.36228 1 
0.546991 3.57028 0.753809 1.07078 
1.35457 0.438458 1.41468 1.02417 
0.359765 0.228633 1.25715 1.19378 
1.39461 0.513224 1.08958 1.06504 
0.257277 0.700657 0.955324 0.975239 
0.109537 0.505439 0.629774 0.842364 
2.19216 1.212 1.05536 0.829088 
1.26784 0.622501 0.912296 1.23291 
0.0822914 1.19409 1.09121 1.02448 
0.955122 0.192267 0.913903 0.845934 
0.0678766 0.538024 0.842227 0.970427 
0.749896 0.255977 1.18197 1.0556 
0.230527 0.67631 1.43719 1.16542 
1.60627 0.335131 0.749752 0.961285 
0.0424838 2.14852 1.06443 0.850834 
0.0678141 0.650777 0.974666 0.922804 
1.06436 0.451467 0.726295 0.944341 
0.320034 1.05549 1.49671 1.22436 
0.992713 0.186942 1.04789 1.04521 
0.757916 0.860951 0.384605 1.21224 
0.445287 0.388702 1.59464 1.02894 
0.749679 0.383991 0.888232 0.954414 
0.185126 1.81074 1.01045 0.953103 
0.712964 2.42021 1.04255 0.963405 
0.238157 0.475505 1.39483 0.801314 
1.37167 0.339421 0.602863 0.941848 
0.426813 0.831879 0.818191 0.885542 
0.17357 0.774832 1.35805 0.98425 
0.205563 0.362367 0.989402 1.12521 
0.640358 0.769041 0.428574 0.91328 
0.544664 1.6186 0.747383 0.971663 
1.92769 0.498463 0.948618 1.23035 
0.037621 0.387571 0.506363 1.08761 
1.86956 0.587975 0.667919 0.903401 
0.941249 0.856943 1.24398 0.906778 
0.222559 0.764797 0.931583 0.955249 
2.80069 1.16393 1.23027 0.948211 
0.205546 2.78639 1.61497 0.839759 
0.727869 0.422218 2.00419 1.02154 
2.08538 1.61151 0.923958 1.03818 
0.142223 1.13842 1.53095 0.996732 
0.230544 1.70607 1.26498 1.00843 
0.646057 0.218247 1.19232 0.966053 
0.493896 1.10322 0.909196 0.774228 
0.500262 0.0837825 1.041 0.910734 
0.26115 0.139807 0.570718 0.919479 
3.50411 1.48659 1.31879 0.996827 
2.79322 1.26109 0.734545 0.959401 
2.52921 0.400696 0.611992 1.20683 
1.42517 0.465583 1.25918 0.997228 
1.08386 0.584224 1.13407 0.924822 
1.21274 3.08758 0.606505 0.864406 
0.832464 0.86632 0.483913 1.08121 
0.600851 1.09151 1.11939 1.21224 
0.305617 0.446218 1.04415 0.965426 
1.24051 0.32609 1.46889 0.955103 
1.3924 0.573868 0.827328 0.822165 
0.119585 0.920091 1.51474 0.923823 
0.734701 0.49329 0.918271 1.00062 
1.29492 0.998525 1.02003 0.897181 
1.68303 1.14943 1.06234 0.861702 
0.557546 0.494217 0.957489 1.14372 
2.1434 2.21831 1.03296 1.08754 
0.598335 0.355041 1.60251 0.999629 
1.82215 0.158254 1.61989 0.933433 
1.1264 0.82827 1.4347 0.951324 
0.0921985 0.433406 0.643071 0.999416 
1.66539 1.4204 1.15786 0.985954 
1.34596 1.71317 0.639431 0.897421 
0.235608 0.76199 0.830516 1.14829 
1.1997 0.234591 1.12077 0.942899 
0.829338 2.42305 1.6275 1.03243 
1.10803 0.234483 1.98959 1.08059 
1.02234 0.725654 1.17307 1.00425 
1.04848 2.13858 0.548368 1.07311 
0.316392 1.11875 1.03221 0.982787 
1.18676 0.612663 0.566824 0.98854 
2.13373 0.962701 0.555285 1.14418 
1.75593 1.07897 0.590267 1.1461 
1.01994 0.551522 1.1825 1.13392 
2.07312 0.614222 0.877883 0.835819 
2.59625 0.22521 1.44202 1.00268 
0.887128 1.01843 0.445053 1.19986 
1.91676 1.46187 1.34993 1.15951 
0.974568 0.357422 1.20584 1.0623 
0.943321 0.300158 0.816293 0.98268 
0.958506 0.560484 1.77388 0.805921 
0.00555871 0.418362 0.892535 1.0199 
1.69335 0.640423 0.704872 1.10298 
0.0728416 1.0683 0.934379 1.02431 
0.777451 0.580636 0.986066 1.0299 
2.56853 0.293468 0.943512 1.05661 
0.228072 2.34635 0.969009 0.927329 
2.46346 1.5026 1.23607 1.05044 
2.12801 1.21807 1.26722 1.10238 
0.00235711 0.583903 1.06951 0.946357 
4.22448 1.97881 0.905006 0.915654 
1.22292 0.709884 0.423226 0.914672 
0.063668 1.72131 0.775764 0.832735 
0.495126 1.06078 1.01838 1.04487 
0.0474117 0.224885 1.37016 0.944442 
1.06431 0.589565 0.628417 1.0281 
2.42611 0.601019 1.03103 0.951385 
0.9682 0.526475 1.24747 1.07379 
0.58103 0.410484 1.22474 0.862516 
1.27158 0.52902 1.85943 1.20649 
0.149399 0.548917 1.16034 0.952543 
0.252684 0.745898 0.832096 0.935477 
1.7131 1.98744 1.0638 0.843066 
2.42478 0.767399 1.17791 0.836345 
0.149404 0.741951 0.885676 0.857318 
2.59951 0.587765 0.467015 0.955257 
0.237928 1.05897 0.535009 1.22299 
0.719061 0.815848 0.465281 1.08763 
2.96626 0.597022 1.18192 0.983753 
0.976484 0.385831 0.86142 0.936245 
1.91378 1.55183 0.701346 0.964021 
0.415241 0.54149 0.824383 1.02668 
0.924677 1.47605 0.765238 1.03751 
1.5195 1.84141 1.0391 0.960961 
1.03666 0.488692 1.50091 0.946662 
1.84674 1.65785 0.896831 1.07683 
0.305775 0.227802 1.11264 1.11905 
0.492405 0.560724 1.15898 0.978575 
1.39604 1.46901 0.739779 0.96009 
1.95377 0.341522 1.1708 1.05713 
0.96061 1.48518 1.03599 0.78997 
1.4337 0.205459 1.75284 1.00973 
0.220163 1.11991 0.732306 0.910349 
1.09021 0.131118 1.48837 0.963051 
1.86936 0.851917 0.658884 1.08907 
1.6756 1.6537 0.977911 0.998484 
0.108262 0.460784 1.60625 1.15704 
0.886189 1.86291 1.22071 0.910222 
0.162267 0.260285 1.28974 1.20314 
2.11111 0.883674 0.764735 0.967653 
0.138778 0.614862 1.12702 1.0653 
0.113775 0.862514 0.826113 1.09605 
0.0479857 1.58197 0.821538 0.901834 
0.85587 0.465705 1.07378 0.997769 
0.231189 0.56725 0.539625 1.02569 
1.87046 1.02786 0.841267 0.991834 
0.845922 1.59399 0.666523 0.912818 
1.37985 0.621801 1.1849 0.809114 
3.1403 0.506274 1.49343 1.25555 
0.297397 1.11576 0.785644 1.23855 
1.03483 1.3812 1.01329 0.934876 
0.72019 1.17368 0.717142 0.788843 
0.244572 0.335139 0.80258 1.19518 
1.1709 2.62786 1.02303 0.833162 
0.545186 0.210413 0.553484 1.10892 
0.178002 0.604053 0.686225 0.876003 
0.403492 1.42261 0.919297 0.972785 
1.41401 0.425707 1.14037 0.887519 
1.21612 0.493825 1.11931 0.89391 
2.29854 0.595149 1.39462 1.09334 
1.53816 0.906679 0.791261 0.915339 
