# best_L1 average_L1
425.17 477.796
417.358 461.523
411.511 441.358
400.847 429.57
395.415 418.201
377.63 408.14
376.938 399.296
370.333 390.965
367.933 384.912
367.119 380.208
360.598 376.814
356.339 373.424
352.288 369.569
345.602 366.551
343.492 361.556
330.661 355.436
319.84 346.79
318.243 340.246
314.797 333.912
314.797 328.902
310.568 325.584
309.87 320.567
305.808 316.508
303.161 313.016
297.389 310.476
293.399 306.601
289.521 302.644
288.202 298.19
283.697 294.98
283.264 292.445
276.334 289.424
274.713 286.501
271.306 283.727
266.926 281.05
264.291 278.089
261.848 274.115
257.872 270.351
256.016 267.507
253.513 264.655
246.263 261.517
240.006 256.991
238.64 251.785
235.923 247.504
232.831 244.112
232.831 241.335
231.653 238.528
229.211 236.799
225.42 234.33
219.54 231.936
218.098 228.867
217.528 226.095
215.914 223.543
214.696 221.75
212.858 219.645
212.668 217.672
211.155 216.083
208.632 214.753
207.555 213.695
204.264 212.149
203.9 209.99
201.352 207.742
199.032 206.343
199.032 204.375
194.719 202.59
191.486 200.936
187.7 199.353
187.331 196.581
185.599 195.483
183.928 193.743
183.244 190.965
182.019 189.633
176.534 187.594
176.534 185.727
174.487 182.716
174.487 180.19
173.522 177.765
172.575 176.265
168.99 175.074
168.99 174.268
166.399 173.316
166.28 171.169
162.375 168.812
162.375 168.29
162.375 167.951
162.375 167.36
162.159 165.865
162.159 164.904
161.323 165.782
157.279 165.832
157.063 165.513
156.27 164.067
155.029 161.946
152.89 159.621
152.89 158.098
152.097 156.846
152.097 155.488
151.656 153.708
149.859 153.035
149.113 152.613
148.164 151.698
148.006 151.802
145.047 150.625
145.047 150.068
144.301 149.186
144.301 148.518
143.455 147.482
142.845 145.91
142.099 145.381
141.957 144.626
141.174 144.047
139.905 142.789
139.905 142.37
139.737 141.529
139.44 141.118
139.302 141.698
138.443 141.546
138.443 141.257
138.274 141.681
137.905 141.092
137.79 140.248
137.547 140.415
136.145 139.032
135.442 138.363
134.528 138.29
133.8 137.953
132.685 136.857
131.251 135.364
131.251 134.744
130.766 134.188
130.766 133.078
129.866 132.491
129.815 132.516
129.198 132.089
128.911 132.038
127.161 131.313
127.161 131.658
127.161 131.582
127.161 131.664
127.161 129.339
126.543 128.443
126.446 127.925
126.446 127.633
125.673 127.262
123.3 126.749
123.123 126.956
122.805 127.478
122.743 126.051
121.689 126.102
121.689 125.578
121.652 125.017
121.191 123.528
120.498 122.429
120.498 122.229
118.409 122.686
118.409 122.805
117.906 121.834
116.091 120.81
116.091 120.153
115.95 120.421
115.95 120.285
115.95 120.987
115.461 120.085
115.08 118.621
114.482 117.306
114.482 116.257
114.482 115.451
114.058 115.059
113.77 114.812
113.76 114.481
111.301 114.131
111.039 113.756
108.879 113.114
108.879 112.584
108.607 111.871
108.019 112.727
108.019 113.072
108.019 113.534
108.019 112.877
108.019 110.207
107.457 108.714
107.457 108.198
107.457 108.261
107.154 107.877
106.812 107.58
105.403 107.595
103.127 107.241
102.824 106.626
102.824 105.177
102.541 103.922
102.343 103.431
101.316 102.791
101.316 102.529
100.834 102.183
100.834 101.574
100.607 101.276
99.8938 100.99
99.6663 100.692
99.5949 100.391
99.3675 100.142
99.3675 100.171
97.0944 100.4
96.8919 101.522
96.7346 101.081
96.7346 100.719
96.101 99.0196
95.9437 98.1694
95.9437 97.6032
95.9437 96.8074
94.4563 96.1356
94.4563 95.9594
93.5993 95.4798
93.5993 94.8926
93.5993 94.5785
93.5993 94.3013
93.2689 93.8851
93.1139 93.7396
93.1139 93.4267
93.0972 93.2582
92.9441 93.1434
92.9274 93.0913
92.9274 93.0212
92.887 92.9719
92.887 92.9964
92.887 93.0111
92.887 92.9425
92.887 93.1591
92.887 93.5961
92.887 94.8349
92.5396 96.1091
92.2091 95.4775
92.2091 94.6156
92.1354 93.4943
91.6592 92.9506
91.3808 93.0143
91.3287 92.6866
90.9502 92.1278
90.6198 91.4406
90.3836 91.1244
90.0532 90.7684
90.0532 90.4655
90.0532 90.2661
89.6101 90.102
89.3491 90.0016
89.3491 89.8127
89.3491 89.6162
89.3491 89.4671
89.1744 89.3857
88.2566 89.3274
88.0819 89.1722
88.0819 88.7627
88.0819 88.4297
87.9189 88.3218
87.2644 88.0635
87.2644 87.963
87.2644 88.0339
87.2644 87.9366
87.2644 88.0464
87.2644 88.8854
86.6206 89.2972
86.6206 89.3538
86.6206 89.7375
85.9701 88.9375
85.1856 88.1256
85.1856 87.1443
85.1856 86.6084
85.1856 85.8675
84.8912 85.3949
84.8506 85.1699
84.5562 85.0674
84.5519 84.9028
84.4392 84.7303
84.4349 84.6536
84.4349 84.5235
84.4349 84.4692
84.4349 84.533
84.4349 84.4385
84.4349 84.435
84.1715 84.4338
84.1715 84.4043
84.1117 84.3156
83.7759 84.1964
83.4527 84.108
83.4527 83.9512
83.2972 83.6762
83.2972 83.5733
83.2972 83.434
83.185 83.3582
83.185 83.3082
82.7108 83.2386
82.6831 83.1447
82.6831 82.9831
82.6831 82.8533
82.6058 82.7596
82.6058 82.6749
82.6058 82.6535
82.6058 82.621
82.6058 82.6092
82.6058 82.6058
82.6058 82.6058
82.6058 82.6058
81.1575 82.5931
80.0412 82.8533
80.0412 82.811
80.0412 81.7687
80.0412 80.3704
79.6667 80.0676
79.6667 80.1278
79.6667 79.8645
79.6667 79.7269
79.216 79.6643
79.216 79.5982
79.216 79.4584
79.216 79.3997
79.216 79.2717
79.216 79.216
79.0649 79.3493
79.0649 80.1185
79.0649 80.2877
79.0649 80.2352
79.0649 79.4773
78.0263 79.0736
78.0263 79.3586
78.0263 79.2364
78.0263 78.92
78.0263 78.7392
77.613 78.152
77.5856 78.1976
76.9226 78.1248
76.5384 77.7224
76.5384 77.3998
76.481 77.0016
76.481 76.6861
75.6938 76.5343
75.6364 76.3805
75.6364 76.1014
75.6364 75.8892
75.6364 75.6818
75.6364 75.6653
75.3885 75.6354
75.3885 75.6623
75.3885 75.7098
75.3023 75.4647
75.3023 75.3788
75.3023 75.345
75.3023 75.3191
75.3023 75.3064
75.3023 75.3023
75.3023 75.4578
75.3023 76.9663
75.3023 78.187
75.3023 76.7287
75.3023 75.769
75.3023 75.3947
75.3023 75.3023
74.7511 75.2997
74.6751 75.2381
74.6751 75.0029
74.6751 74.7972
74.6751 74.6881
74.6751 74.6778
74.5954 74.6747
74.5954 74.6626
74.5954 74.6307
74.5954 74.6065
74.5954 74.5954
74.5954 74.5954
74.5954 74.5954
74.5954 74.5954
74.5954 74.5954
74.3514 74.5944
74.2717 74.5548
74.2717 74.4459
73.5317 74.3309
73.5317 74.1769
73.5317 73.9225
73.5317 73.685
73.5317 73.5317
73.5317 73.5388
73.5317 73.5317
73.5317 73.5319
73.5317 73.5317
73.5317 73.5317
73.3711 73.531
73.0364 73.5053
73.0364 73.3986
73.0364 73.2394
73.0364 73.1189
73.0364 73.0498
73.0364 73.0364
73.0364 73.0364
73.0364 73.0364
73.0364 73.0364
73.0364 73.0364
73.0364 73.0365
73.0364 73.0364
73.0364 73.0364
73.0364 73.0364
73.0364 73.0364
73.0364 73.0364
73.0364 73.0364
71.2859 73.2118
71.2859 74.0201
71.2859 74.0444
71.2859 72.439
71.2859 71.2886
71.2859 71.3428
71.2859 71.2859
71.2859 71.3655
71.2859 73.3819
71.2859 73.3856
71.2859 72.1958
71.2859 71.2866
71.2859 71.2859
71.2859 71.2859
71.2859 71.2859
71.2859 71.2859
70.8966 71.2843
70.8966 71.2095
70.8966 71.0663
70.8184 70.9616
70.8184 70.8933
70.8184 70.8453
70.8184 70.8224
70.8184 70.8184
70.8184 70.8184
70.8184 70.8184
70.8184 70.8184
70.8184 70.8184
70.8184 70.8184
70.8184 70.8184
70.8184 70.8184
70.8184 70.8184
70.8184 70.8184
70.759 70.8181
70.759 70.8067
70.759 70.783
70.759 70.7638
70.759 70.759
70.759 70.759
70.759 70.759
70.759 70.759
70.759 70.759
70.759 70.759
70.759 70.759
70.759 70.759
70.759 70.759
70.759 70.759
70.759 70.759
70.544 70.7665
70.544 70.7255
70.544 70.6248
70.544 70.5732
70.544 70.5466
70.544 70.5459
70.544 70.917
70.544 72.7156
70.544 72.3496
70.544 71.682
70.544 70.866
70.544 70.544
70.544 70.544
70.544 70.544
70.544 70.544
70.544 70.544
70.1923 70.5426
70.1923 70.4905
70.1923 70.3372
70.1923 70.2261
70.1923 70.1923
70.1923 70.1923
70.1923 70.1923
70.1923 70.1923
70.1923 70.1923
70.1923 70.1923
70.1923 70.1923
70.1923 70.1923
70.1923 70.1923
69.8949 70.1911
69.8949 70.1435
69.8949 69.9994
69.8949 69.9187
69.8949 69.8949
69.8949 69.8949
69.8949 69.8949
69.8949 69.8949
69.8949 69.8949
69.8949 69.8949
69.8949 69.8949
69.8949 69.8949
69.8949 69.8949
69.8949 69.8949
69.8949 69.8949
69.8949 69.8949
69.8949 69.8949
69.8949 69.8949
69.8949 69.8949
69.8949 69.8949
69.8949 69.8949
69.8949 69.8949
69.8949 69.8949
69.8472 70.2163
69.8472 69.9164
69.8472 69.8672
69.8472 69.8472
69.8472 69.8472
69.8472 69.8472
69.8472 69.8472
69.8472 69.8472
69.8472 69.8472
69.8472 69.8472
69.8472 69.8472
69.8472 69.8472
69.8472 69.8472
69.8472 69.8472
69.8472 69.8472
69.8472 69.8472
69.8472 69.8472
69.8472 69.8472
69.8472 69.8472
69.8472 69.8472
69.8472 69.8472
69.8472 69.8472
69.8472 69.8472
69.8472 69.8472
69.8472 69.8472
69.6089 69.8462
69.6089 69.7919
69.6089 69.6804
69.6089 69.6118
69.6089 69.6089
69.6089 69.6089
69.6089 69.6089
69.6089 69.6089
69.6089 69.6089
69.6089 69.6089
69.6089 69.6089
69.6089 69.6089
69.6089 69.6089
69.6089 69.6089
69.2347 69.6074
69.2347 69.5401
69.2347 69.3649
69.2347 69.2509
69.2347 69.2347
69.2347 69.2347
69.2347 69.2347
69.2347 69.2347
69.2347 69.2347
69.2347 69.2347
69.2347 69.2347
69.2347 69.2347
69.2347 69.2347
69.2347 69.2347
69.2347 69.2347
69.2347 69.2347
69.2347 69.2347
69.2347 69.2347
69.2347 69.2347
69.2347 69.2347
69.2347 69.2347
69.2347 69.2347
69.2347 69.2347
69.2347 69.2347
69.2347 69.2347
69.0633 69.234
69.0633 69.2018
69.0633 69.1147
69.0633 69.0743
69.0633 69.0633
69.0633 69.0633
69.0633 69.0633
69.0633 69.0633
69.0633 69.0633
69.0633 69.0633
69.0633 69.0633
69.0633 69.0633
69.0633 69.0633
69.0633 69.0633
69.0633 69.0633
69.0633 69.0633
69.0633 69.0633
69.0633 69.0633
69.0633 69.0633
69.0633 69.0633
69.0633 69.0633
69.0633 69.0633
69.0633 69.0633
69.0633 69.0633
69.0633 69.0633
69.0633 69.0633
69.0633 69.0633
69.0633 69.0633
69.0633 69.0633
69.0633 69.0633
69.0633 69.0633
69.0633 69.0633
69.0633 69.0633
69.0633 69.0633
69.0633 69.0633
69.0633 69.0633
68.905 69.0826
68.905 69.0126
68.905 68.9366
68.905 68.905
68.905 68.905
68.905 68.905
68.905 68.905
68.905 68.905
68.905 69.0449
68.905 70.4888
68.905 70.7035
68.905 69.5401
68.905 68.905
68.905 68.905
68.905 68.905
68.905 68.905
68.905 68.905
68.905 68.905
68.905 68.905
68.905 68.905
68.905 68.905
68.905 68.905
68.905 68.905
68.905 68.905
68.905 68.905
68.905 68.905
68.905 68.905
68.905 68.905
68.905 68.905
68.905 68.905
68.905 68.905
68.905 68.905
68.3544 68.9028
68.3544 68.7919
68.3544 68.4873
68.3544 68.3544
68.3544 68.3544
68.3156 68.3542
68.3156 68.3468
68.3156 68.3271
68.3156 68.3192
68.3156 68.3156
68.3156 68.3156
68.3156 68.3156
68.3156 68.3156
68.3156 68.3156
68.3156 68.3156
68.3156 68.3156
68.3156 68.3156
68.3156 68.3156
68.3156 68.3156
68.3156 68.3156
68.3156 68.3156
68.3156 68.3156
68.3156 68.3156
68.3156 68.3156
68.3156 68.3156
68.3156 68.3156
68.3156 68.3156
68.3156 68.3156
68.3156 68.3156
68.3156 68.3156
68.3156 68.3156
68.3156 68.3156
68.3156 68.3156
68.3156 68.3156
68.3156 68.3156
68.3156 68.3156
68.3156 68.3156
68.3156 68.3156
68.3156 68.3156
68.3156 68.3156
68.3156 68.3156
68.3156 68.3156
68.3156 68.3156
68.3156 68.3156
68.3156 68.3156
68.3156 68.3156
68.3156 68.3156
68.3156 68.3156
68.3156 68.3156
68.3156 68.3156
68.3156 68.3156
68.3156 68.3156
68.3156 68.3156
68.3156 68.3156
68.3156 68.3156
68.3156 68.3156
68.3156 68.3156
68.3156 68.3156
68.3156 68.3156
68.3156 68.3156
68.3156 68.3156
68.3156 68.3156
68.3156 68.3156
68.3156 68.3156
68.3156 68.3156
68.3156 68.3156
68.3156 68.3156
68.3156 68.3156
68.3156 68.4164
68.3156 68.3156
68.3156 68.3156
68.3156 68.3156
68.3156 68.3156
68.3156 68.3156
68.3156 68.3156
68.3156 68.3156
68.3156 68.3156
68.3156 68.3156
68.3156 68.3156
68.3156 68.3156
68.3156 68.3156
68.3156 68.3156
68.3156 68.3156
68.3156 68.3156
68.3156 68.3156
68.3156 68.3156
68.3156 68.3156
68.3156 68.3156
68.3156 68.3156
68.3156 68.3156
68.3156 68.3156
68.3156 68.3156
68.3156 68.3156
68.3156 68.3156
68.3156 68.3156
68.3156 68.3156
68.3156 68.3156
68.3156 68.3156
68.3156 68.3156
68.3156 68.3156
68.3156 68.3156
68.3156 68.3156
68.3156 68.3156
68.3156 68.3156
68.3156 68.3156
68.3156 68.3156
68.3156 68.3156
68.3156 68.3156
68.3156 68.3156
68.3156 68.3156
68.3156 68.3156
68.3156 68.3156
68.3156 68.3156
68.3156 68.3156
68.3156 68.3156
68.3156 68.3156
68.3156 68.3156
68.3156 68.3156
68.3156 68.3156
68.3156 68.3156
68.3156 68.3156
68.3156 68.3156
68.3156 68.3156
68.3156 68.3156
68.3156 68.3156
68.3156 68.3156
68.3156 68.3156
68.3156 68.3156
68.3156 68.3156
68.3156 68.3156
68.3156 68.3156
68.3156 68.3156
68.3156 68.3156
68.225 68.3153
68.225 68.2939
68.225 68.2471
68.225 68.225
68.225 68.225
68.225 68.225
68.225 68.225
68.225 68.225
68.225 68.225
68.225 68.225
68.225 68.225
68.225 68.225
68.225 68.225
68.225 68.225
68.225 68.225
68.225 68.225
68.225 68.225
68.225 68.225
68.225 68.225
68.225 68.225
68.225 68.225
68.225 68.225
68.225 68.225
68.225 68.225
68.225 68.225
68.225 68.225
68.225 68.225
68.225 68.225
68.225 68.225
68.225 68.225
68.225 68.225
68.225 68.225
68.225 68.225
68.225 68.225
68.225 68.225
66.5899 67.8945
66.5899 67.0622
66.5899 66.5899
66.5899 66.5899
66.5899 66.5899
66.5899 66.5899
66.5899 66.5899
66.5899 66.5899
66.5899 66.5899
66.5899 66.5899
66.5899 66.5899
66.2556 66.5886
66.2556 66.5097
66.2556 66.3439
66.2556 66.2556
66.2556 66.2556
66.2556 66.2556
66.2556 66.2556
66.2556 66.2556
66.2556 66.2556
66.2556 66.2556
66.2556 66.2556
66.2556 66.2556
66.2556 66.2556
66.2556 66.2556
66.2556 66.2556
66.2556 66.2556
66.2556 66.2556
66.2556 66.2556
66.2556 66.2556
66.2556 66.2556
66.2556 66.2556
66.2556 66.2556
66.2556 66.2556
66.1594 66.2552
66.1594 66.2295
66.1594 66.1721
66.1594 66.1594
65.5845 66.1571
65.5845 66.0237
65.5845 65.6604
65.5845 65.5845
65.5845 65.5845
65.5845 65.5845
65.5845 65.5845
65.5845 65.5845
65.5845 65.5845
65.5845 65.5845
65.5845 65.5845
65.5845 65.5845
65.5845 65.5845
65.5845 65.5845
65.5845 65.5845
65.5845 65.5845
65.5845 65.5845
65.5845 65.5845
65.5845 65.5845
65.5845 65.5845
65.5845 65.5845
65.5845 65.5845
65.5845 65.5845
65.5845 65.5845
65.5845 65.5845
65.5845 65.5845
65.5845 65.5845
65.5845 65.5845
65.5845 65.5845
65.5845 65.5845
65.5845 65.5845
65.5845 65.5845
65.5845 65.5845
65.5845 65.5845
65.5845 65.5845
65.5845 65.5845
65.5845 65.5845
65.5845 65.5845
65.5845 65.5845
65.5845 65.5845
65.5845 65.5845
65.5845 65.5845
65.5845 65.5845
65.5845 65.5845
65.5845 65.5845
65.5845 65.5845
65.5845 65.5845
65.5845 65.5845
65.5845 65.5845
65.5845 65.5845
65.5845 65.5845
65.5845 65.5845
65.5845 65.5845
65.5845 65.5845
65.5845 65.5845
65.5845 65.5845
65.5845 65.5845
65.5845 65.5845
65.5845 65.5845
65.5845 65.5845
65.5845 65.5845
65.5845 65.5845
65.5845 66.174
65.5845 65.5845
65.5845 65.5845
65.5845 65.5845
65.5845 65.5845
65.5845 65.5845
65.5845 65.5845
65.5845 65.5845
65.5845 65.5845
65.5845 65.5845
65.5845 65.5845
65.5845 65.5845
65.5845 65.5845
65.5845 65.5845
65.5845 65.5845
65.5845 65.5845
65.5845 65.5845
65.5845 65.5845
65.5845 65.5845
65.5845 65.5845
65.5845 65.5845
65.5845 65.5845
65.5845 65.5845
65.5845 65.5845
65.5845 65.5845
65.5845 65.5845
65.5845 65.5845
65.5845 65.5845
65.5845 65.5845
65.5845 65.5845
65.5845 65.5845
65.5845 65.5845
65.5845 65.5845
65.5845 65.5845
65.5845 65.5845
65.5845 65.5845
65.5845 65.5845
65.5845 65.5845
65.5845 65.5845
65.5845 65.5845
65.5845 65.5845
65.5845 65.5845
65.5845 65.5845
65.5845 65.5845
65.5845 65.5845
65.5845 65.5845
65.5845 65.5845
65.5845 65.5845
65.5845 65.5845
65.5845 65.5845
65.5845 65.5845
65.5845 65.5845
65.5845 65.5845
65.5845 65.5845
65.5845 65.5845
65.5845 65.5845
65.5845 65.5845
65.5845 65.5845
65.5845 65.5845
65.5845 65.5845
65.5845 65.5845
65.5845 65.5845
65.5845 65.5845
65.5845 65.5845
65.5845 65.5845
65.5845 65.5845
65.5845 65.5845
65.5845 65.5845
65.5845 65.5845
65.5845 65.5845
65.5845 65.5845
65.5845 65.5845
65.5845 65.5845
65.5845 65.5845
65.5845 65.5845
65.5845 65.5845
65.5845 65.5845
65.5845 65.5845
65.5845 65.5845
65.5845 65.5845
65.5845 65.5845
65.5845 65.5845
65.5845 65.5845
65.5845 65.5845
65.5845 65.5845
65.5845 65.5845
65.5845 65.5845
65.5845 65.5845
65.5845 65.5845
65.5845 65.5845
65.5845 65.5845
65.5845 65.5845
65.5845 65.5845
65.5845 65.5845
65.5845 65.5845
65.5845 65.5845
65.5845 65.5845
65.5845 65.5845
65.5845 65.5845
65.5845 65.5845
65.5845 65.6352
65.5845 65.5845
65.5845 65.5845
65.5845 65.5845
65.5845 65.5845
65.5845 65.5845
65.5845 65.5845
65.5845 65.5845
65.5845 65.5845
65.5845 65.5845
65.5845 65.5845
65.5845 65.5845
65.5845 65.5845
65.5845 65.5845
65.5845 65.5845
65.5845 65.5845
65.5845 65.5845
65.5845 65.5845
65.5845 65.5845
65.5845 65.5845
65.5845 65.5845
65.5845 65.5845
65.5845 65.5845
65.5845 65.5845
65.5845 65.5845
65.5845 65.5845
65.5845 65.5845
65.5845 65.5845
65.5845 65.5845
65.5845 65.5845
65.5845 65.5845
65.5845 65.5845
65.5845 65.5845
65.5845 65.5845
65.5845 65.5845
65.5845 65.5845
65.5845 65.5845
65.5845 65.5845
65.5845 65.5845
65.5845 65.5845
65.5845 65.5845
65.5845 65.5845
65.5845 65.5845
65.5845 65.5845
65.5845 65.5845
65.5845 65.5845
65.5845 65.5845
65.5845 65.5845
65.5845 65.5845
65.5845 65.5845
65.5845 65.5845
65.5845 65.5845
65.5845 65.5845
65.5845 65.5845
65.5845 65.5845
65.5845 65.5845
65.5845 65.5845
65.5845 65.5845
65.5845 65.5845
65.5845 65.5845
65.5845 65.5845
65.5845 65.5845
65.5845 65.5845
65.5845 65.5845
65.5845 65.5845
65.5845 65.5845
65.5845 65.5845
65.5845 65.5845
65.5845 65.5845
65.5845 65.5845
65.5845 65.5845
65.5845 65.5845
65.5845 65.5845
65.5845 65.5845
65.5845 65.5845
65.5845 65.5845
65.5845 65.5845
65.5845 65.5845
65.5845 65.5845
65.5845 65.5845
65.5845 65.5845
65.5845 65.5845
65.5845 65.5845
65.5845 65.5845
65.5845 65.5845
65.5845 65.5845
65.5845 65.5845
65.5845 65.5845
65.5845 65.5845
65.5845 65.5845
65.5845 65.5845
65.5845 65.5845
65.5845 65.5845
65.5845 65.5845
65.5845 65.5845
65.5845 65.5845
65.5845 65.5845
65.5845 65.5845
65.5845 65.5845
65.5845 65.5845
65.0501 65.6068
64.8918 65.4014
64.8918 65.0017
64.8918 64.8918
64.8918 64.8918
64.8918 64.8918
64.8918 64.8918
64.8918 64.8918
64.8918 64.8918
64.8918 64.8918
64.8918 64.8918
64.8918 64.8918
64.8918 64.8918
64.8918 64.8918
64.8918 64.8918
64.8918 64.8918
64.8918 64.8918
64.8918 64.8918
64.8918 64.8918
64.8918 64.8918
64.8918 64.8918
64.8918 64.8918
64.8918 64.8918
64.8918 64.8918
64.8918 64.8918
64.8918 64.8918
64.8918 64.8918
64.8918 64.8918
64.8918 64.8918
64.8918 64.8918
64.8918 64.8918
64.8918 64.8918
64.8918 64.8918
64.8918 64.8918
64.8918 64.8918
64.8918 64.8918
64.8918 64.8918
64.8918 64.8918
64.8918 64.8918
64.8918 64.8918
64.8918 64.8918
64.8918 64.8918
64.8918 64.8918
64.8918 64.8918
64.8918 64.8918
64.8918 64.8918
64.8918 64.8918
64.8918 64.8918
64.8918 64.8918
64.8918 64.8918
64.8918 64.8918
64.8918 64.8918
64.8918 64.8918
64.8918 64.8918
64.8918 64.8918
64.8918 64.8918
64.8918 64.8918
64.8918 64.8918
64.8918 64.8918
64.8918 64.8918
64.8918 64.8918
64.8918 64.8918
64.8918 64.8918
64.8918 64.8918
64.8918 64.8918
64.8918 64.8918
64.8918 64.8918
64.8918 64.8918
64.8918 64.8918
64.8918 64.8918
64.8918 64.8918
64.8918 64.8918
64.8918 64.8918
64.8918 64.8918
64.8918 64.8918
64.8918 64.8918
64.8918 64.8918
64.8918 64.8918
64.8918 64.8918
64.8918 64.8918
64.8918 64.8918
64.8918 64.8918
64.8918 64.8918
64.8918 64.8918
64.8918 64.8918
64.8918 64.8918
64.8918 64.8918
64.8918 64.8918
64.8918 64.8918
64.8918 64.8918
64.8918 64.8918
64.8918 64.8918
64.8918 64.8918
64.8918 64.8918
64.8918 64.8918
64.8918 64.8918
64.8918 64.8918
64.8918 64.8918
64.8918 64.8918
64.8918 64.8918
64.8918 64.8957
64.8918 64.8918
64.8918 64.8918
64.8918 64.8918
64.8918 64.8918
64.8918 64.8918
64.8918 64.8918
64.8918 64.8918
64.8918 64.8918
64.8918 64.8918
64.8918 64.8918
64.8918 64.8918
64.8918 64.8918
64.8918 64.8918
64.8918 64.8918
64.8918 64.8918
64.8918 64.8918
64.8918 64.8918
64.8918 64.8918
64.8918 64.8918
64.8918 64.8918
64.8918 64.8918
64.8918 64.8918
64.8918 64.8918
64.8918 64.8918
64.8918 64.8918
64.8918 64.8918
64.8918 64.8918
64.8918 64.8918
64.8918 64.8918
64.8918 64.8918
64.8918 64.8918
64.8918 64.8918
64.8918 64.8918
64.8918 64.8918
64.8918 64.8918
64.8918 64.8918
64.8918 64.8918
64.8918 64.8918
64.8918 64.8918
64.8918 64.8918
64.8918 64.8918
64.8918 64.8918
64.8918 64.8918
64.8918 64.8918
64.8918 64.8918
64.8918 64.8918
64.8918 64.8918
64.8918 64.8918
64.8918 64.8918
64.8918 64.8918
64.8918 64.8918
64.8918 64.8918
64.8918 64.8918
64.8918 64.8918
64.8918 64.8918
64.8918 64.8918
64.8918 64.8918
64.8918 64.8918
64.8918 64.8918
64.8918 64.8918
64.8918 64.8918
64.8918 64.8918
64.8918 64.8918
64.8918 64.8918
64.8918 64.8918
64.8918 64.8918
64.8918 64.8918
64.8918 64.8918
64.8918 64.8918
64.8918 64.8918
64.8918 64.8918
64.8918 64.8918
64.8918 64.8918
64.8918 64.8918
64.8918 64.8918
64.8918 64.8918
64.8918 64.8918
64.8918 64.8918
64.8918 64.8918
64.8918 64.8918
64.8918 64.8918
64.8918 64.8918
64.8918 64.8918
64.8918 64.8918
64.8918 65.496
64.8918 64.9944
64.8918 64.8918
64.8918 64.8918
64.8918 64.8918
64.8918 64.8918
64.8918 64.8918
64.8918 64.8918
64.8918 64.8918
64.8918 64.8918
64.8918 64.8918
64.8918 64.8918
64.8918 64.8918
64.8918 64.8918
64.8918 64.8918
64.8918 64.8918
64.8918 64.8918
64.8918 64.8918
64.8918 64.8918
64.8918 64.8918
64.8918 64.8918
64.8918 64.8918
64.8918 64.8918
64.8918 64.8918
64.8918 64.8918
64.8918 64.8918
64.8918 64.8918
64.8918 64.8918
64.8918 64.8918
64.8918 64.8918
64.8918 65.569
64.8918 64.9053
64.8918 64.8918
64.8918 64.8918
64.8918 64.8918
64.8918 64.8918
64.8918 64.8918
64.8918 64.8918
64.8918 64.8918
64.8918 64.8918
64.8918 64.8918
64.8918 64.8918
64.8918 64.8918
64.8918 64.8918
64.8918 64.8918
64.8918 64.8918
64.8918 64.8918
64.8918 64.8918
64.8918 64.8918
64.8918 64.8918
64.8918 64.8918
64.8918 64.8918
64.8918 64.8918
64.8918 64.8918
64.8918 64.8918
64.8918 64.8918
64.8918 64.8918
64.8918 64.8918
64.8918 64.8918
64.8918 64.8918
64.8918 64.8918
64.8918 64.8918
64.8918 64.8918
64.8918 64.8918
64.8918 64.8918
64.8918 64.8918
64.8918 64.8918
64.8918 64.8918
64.8918 64.8918
64.8918 64.8918
64.8918 64.8918
64.8918 64.8918
64.8918 64.8918
64.8918 64.8918
64.8918 64.8918
64.8918 64.8918
64.8918 64.8918
64.8918 64.8918
64.8918 64.8918
64.8918 64.8918
64.8918 64.8918
64.8918 64.8918
64.8918 64.8918
64.8918 64.8918
64.8918 64.8918
64.8918 64.8918
64.8918 64.8918
64.8918 64.8918
64.8918 64.8918
64.8918 64.8918
64.8918 64.8918
64.8918 64.8918
64.8918 64.8918
64.8918 64.8918
64.8918 64.8918
64.8918 64.8918
64.8918 64.8918
64.8918 64.8918
64.8918 64.8918
64.8918 64.8918
64.8918 64.8918
64.8918 64.8918
64.8918 64.8918
64.8918 64.8918
64.8918 64.8918
64.8918 64.8918
64.8918 64.8918
64.8918 64.8918
64.8918 64.8918
64.8918 64.8918
64.8918 64.8918
64.8918 64.8918
64.8918 64.8918
64.8918 64.8918
64.8918 64.8918
64.8918 64.8961
64.8918 64.8918
64.8918 64.8918
64.8918 64.8918
64.8918 64.8918
64.8918 64.8918
64.8918 64.8918
64.8918 64.8918
64.8918 64.8918
64.8918 64.8918
64.8918 64.8918
64.8918 64.8918
64.8918 64.8918
64.8918 64.8918
64.8918 64.8918
64.8918 64.8918
64.8918 64.8918
64.8918 64.8918
64.8918 64.8918
64.8918 64.8918
64.8918 64.8918
64.8918 64.8918
64.8918 64.8918
64.8918 64.8918
64.8918 64.8918
64.8918 64.8918
64.8918 64.8918
64.8918 64.8918
64.8918 64.8918
64.8918 64.8918
64.8918 64.8918
64.8918 64.8918
64.8918 64.8918
64.8918 64.8918
64.8918 64.8918
64.8918 64.8918
64.8918 64.8918
64.8918 64.8918
64.8918 64.8918
64.8918 64.8918
64.8918 64.8918
64.8918 64.8918
64.8918 64.8918
64.8918 64.8918
64.8918 64.8918
64.8918 64.8918
64.8918 64.8918
64.8918 64.8918
64.8918 64.8918
64.8918 64.8918
64.8918 64.8918
64.8918 64.8918
64.8918 64.8918
64.8918 64.8918
64.8918 64.8918
64.8918 64.8918
64.8918 64.8918
64.8918 64.8918
64.8918 64.8918
64.8918 64.8918
64.8918 64.8918
64.8918 64.8918
64.8918 64.8918
64.8918 64.8918
64.8918 64.8918
64.8918 64.8918
64.8918 64.8918
64.8918 64.8918
64.8918 64.8918
64.8918 64.8918
64.8918 64.8918
64.8918 64.8918
64.8918 64.8918
64.8918 64.8918
64.8918 64.8918
64.8918 64.8918
64.8918 64.8918
64.8918 64.8918
64.8918 64.8918
64.8918 64.8918
64.8918 64.8918
64.8918 64.8918
64.8918 64.8918
64.8918 64.8918
64.8918 64.8918
64.8918 64.8918
64.8918 64.8918
64.8918 64.8918
64.8918 64.8918
64.8918 64.8918
64.8918 64.8918
64.8918 64.8918
64.8918 64.8918
64.8918 64.8918
64.8918 64.8918
64.8918 64.8918
64.8918 64.8918
64.8918 64.8918
64.8918 64.8918
64.8918 64.8918
64.8918 64.8918
64.8918 64.8918
64.8918 64.8918
64.8918 64.8918
64.8918 64.8918
64.8918 64.8918
64.8918 64.8918
64.8918 64.8918
64.8918 64.8918
64.8918 64.8918
64.8918 64.8918
64.8918 64.8918
64.8918 64.8918
64.8918 64.8918
64.8918 64.8918
64.8918 64.8918
64.8918 64.8918
64.8918 64.8918
64.8918 64.8918
64.8918 64.8918
64.8918 64.8918
64.8918 64.8918
64.8918 64.8918
64.8918 64.8918
64.8918 64.8918
64.8918 64.8918
64.8918 64.8918
64.8918 64.8918
64.8918 64.8918
64.8918 64.8918
64.8918 64.8918
64.8918 64.8918
64.8918 64.8918
64.8918 64.8918
64.8918 64.8918
64.8918 64.8918
64.8918 64.8918
64.8918 64.8918
64.8918 64.8918
64.8918 64.8918
64.8918 64.8918
64.8918 64.8918
64.8918 64.8918
64.8918 64.8918
64.8918 64.8918
64.8918 64.8918
64.8918 64.8918
64.8918 64.8918
64.8918 64.8918
64.8918 64.8918
64.8918 64.8918
64.8918 64.8918
64.8918 64.8918
64.8918 64.8918
64.8918 64.8918
64.8918 64.8918
64.8918 64.8918
64.8918 64.8918
64.8918 64.8918
64.8918 64.8918
64.8918 64.8918
64.8918 64.8918
64.8918 64.8918
64.8918 64.8918
64.8918 64.8918
64.8918 64.8918
64.8918 64.8918
64.8918 64.8918
64.8918 64.8918
64.8918 64.8918
64.8918 64.8918
64.8918 64.8918
64.8918 64.8918
64.8918 64.8918
64.8918 64.8918
64.8918 64.8918
64.8918 64.8918
64.8918 64.8918
64.8918 64.8918
64.8918 64.8918
64.8918 64.8918
64.8918 64.8918
64.8918 64.8918
64.8918 64.8918
64.8918 64.8918
64.8918 64.8918
64.8918 64.8918
64.8918 64.8918
64.8918 64.8918
64.8918 64.8918
64.8918 64.8918
64.8918 64.8918
64.8918 64.8918
64.8918 64.8918
64.8918 64.8918
64.8918 64.8918
64.8918 64.8918
64.8918 64.8918
64.8918 64.8918
64.8918 64.8918
64.8918 64.8918
64.8918 64.8918
64.8918 64.8918
64.8918 64.8918
64.8918 64.8918
64.8918 64.8918
64.8918 64.8918
64.8918 64.8918
64.8918 64.8918
64.8918 64.8918
64.8918 64.8918
64.8918 64.8918
64.8918 64.8918
64.8918 64.8918
64.8918 64.8918
64.8918 64.8918
64.8918 64.8918
64.8918 64.8918
64.8918 64.8918
64.8918 64.8918
64.8918 64.8918
64.8918 64.8918
64.8918 64.8918
64.8918 64.8918
64.8918 64.8918
64.8918 64.8918
64.8918 64.8918
64.8918 64.8918
64.8918 64.8918
64.8918 64.8918
64.8918 64.8918
64.8918 64.8918
64.8918 64.8918
64.8918 64.8918
64.8918 64.8918
64.8918 64.8918
64.8918 64.8918
64.8918 64.8918
64.8918 64.8918
64.8918 64.8918
64.8918 64.8918
64.8918 64.8918
64.8918 64.8918
64.8918 64.8918
64.8918 64.8918
64.8918 64.8918
64.8918 64.8918
64.8918 64.8918
64.8918 64.8918
64.8918 64.8918
64.8918 64.8918
64.8918 64.8918
64.8918 64.8918
64.8918 64.8918
64.8918 64.8918
64.8918 64.8918
64.8918 64.8918
64.8918 64.8918
64.8918 64.8918
64.8918 64.8918
64.8918 64.8918
64.8918 64.8918
64.8918 64.8918
64.8918 64.8918
64.8918 64.8918
64.8918 64.8918
64.8918 64.8918
64.8918 64.8918
64.8918 64.8918
64.8918 64.8918
64.8918 64.8918
64.8918 64.8918
64.8918 64.8918
64.8918 64.8918
64.8918 64.8918
64.8918 64.8918
64.8918 64.8918
64.8918 64.8918
64.8918 64.8918
64.8918 64.8918
64.8918 64.8918
64.8918 64.8918
64.8918 64.8918
64.8918 64.8918
64.8918 64.8918
64.8918 64.8918
64.8918 64.8918
64.8918 64.8918
64.8918 64.8918
64.8918 64.8918
64.8918 64.8918
64.8918 64.8918
64.8918 64.8918
64.8918 64.8918
64.8918 64.8918
64.8918 64.8918
64.8918 64.8918
64.8918 64.8918
64.8918 64.8918
64.8918 64.8918
64.8918 64.8918
64.8918 64.8918
64.8918 64.8918
64.8918 64.8918
64.8918 64.8918
64.8918 64.8918
64.8918 64.8918
64.8918 64.8918
64.8918 64.8918
64.8918 64.8918
64.8918 64.8918
64.8918 64.8918
64.8918 66.2832
64.8918 67.273
64.8918 65.7074
64.8918 64.8918
64.8918 64.8918
64.8918 64.8918
64.8918 64.8918
64.8918 64.8918
64.8918 64.8918
64.8918 64.8918
64.8918 64.8918
64.8918 64.8918
64.8918 64.8918
64.8918 64.8918
64.8918 64.8918
64.8918 64.8918
64.8918 64.8918
64.8918 64.8918
64.8918 64.8918
64.8918 64.8918
64.8918 64.8918
64.8918 64.8918
64.8918 64.8918
64.8918 64.8918
64.8918 64.8918
64.8918 64.8918
64.8918 64.8918
64.8918 64.8918
64.8918 64.8918
64.8918 64.8918
64.8918 64.8918
64.8918 64.8918
64.8918 64.8918
64.8918 64.8918
64.8918 64.8918
64.8918 64.8918
64.8918 64.8918
64.8918 64.8918
64.8918 64.8918
64.8918 64.8918
64.8918 64.8918
64.8918 64.8918
64.8918 64.8918
64.8918 64.8918
64.8918 64.8918
64.8918 64.8918
64.8918 64.8918
64.8918 64.8918
64.8918 64.8918
64.8918 64.8918
64.8918 64.8918
64.8918 64.8918
64.8918 64.8918
64.8918 64.8918
64.8918 64.8918
64.8918 64.8918
64.8918 64.8918
64.8918 64.8918
64.8918 64.8918
64.8918 64.8918
64.8918 64.8918
64.8918 64.8918
64.8918 64.8918
64.8918 64.8918
64.8918 64.8918
64.8918 64.8918
64.8918 64.8918
64.8918 64.8918
64.8918 64.8918
64.8918 64.8918
64.8918 64.8918
64.8918 64.8918
64.8918 64.8918
64.8918 64.8918
64.8918 64.8918
64.8918 64.8918
64.8918 64.8918
64.8918 64.8918
64.8918 64.8918
64.8918 64.8918
64.8918 64.8918
64.8918 64.8918
64.8918 64.8918
64.8918 64.8918
64.8918 64.8918
64.8918 64.8918
64.8918 64.8918
64.8918 64.8918
64.8918 66.2325
64.8918 65.9031
64.8918 66.7727
64.8918 65.3407
64.8918 65.0074
64.8918 64.8918
64.8918 64.8918
64.8918 64.8918
64.8918 64.8918
64.8918 64.8918
64.8918 64.8918
64.8918 64.8918
64.8918 64.8918
64.8918 64.8918
64.8918 64.8918
64.8918 64.8918
64.8918 64.8918
64.8918 64.8918
64.8918 64.8918
64.8918 64.8918
64.8918 64.8918
64.8918 64.8918
64.8918 64.8918
64.8918 64.8918
64.8918 64.8918
64.8918 64.8918
64.8918 64.8918
64.8918 64.8918
64.8918 64.8918
64.8918 64.8918
64.8918 64.8918
64.8918 64.8918
64.8918 64.8918
64.8918 64.8918
64.8918 64.8918
64.8918 64.8918
64.8918 64.8918
64.8918 64.8918
64.8918 64.8918
64.8918 64.8918
64.8918 64.8918
64.8918 64.8918
64.8918 64.8918
64.8918 64.8918
64.8918 64.8918
64.8918 64.8918
64.8918 64.8918
64.8918 64.8918
64.8918 64.8918
64.8918 64.8918
64.8918 64.8918
64.8918 64.8918
64.8918 64.8918
64.8918 64.8918
64.8918 64.8918
64.8918 64.8918
64.8918 64.8918
64.8918 64.8918
64.8918 64.8918
64.8918 64.8918
64.8918 64.8918
64.8918 64.8918
64.8918 64.8918
64.8918 64.8918
64.8918 64.8918
64.8918 64.8918
64.8918 64.8918
64.8918 64.8918
64.8918 64.8918
64.8918 64.8918
64.8918 64.8918
64.8918 64.8918
64.8918 64.8918
64.8918 65.8671
64.8918 64.8918
64.8918 64.8918
64.8918 64.8918
64.8918 64.8918
64.8918 64.8918
64.8918 64.8918
64.8918 64.8918
64.8918 64.8918
64.8918 64.8918
64.8918 64.8918
64.8918 64.8918
64.8918 64.8918
64.8918 64.8918
64.8918 64.8918
64.8918 64.8918
64.8918 64.8918
64.8918 64.8918
64.8918 64.8918
64.8918 64.8918
64.8918 64.8918
64.8918 64.8918
64.8918 64.8918
64.8918 64.8918
64.8918 64.8918
64.8918 64.8918
64.8918 64.8918
64.8918 64.8918
64.8918 64.8918
64.8918 64.8918
64.8918 64.8918
64.8918 64.8918
64.8918 64.8918
64.8918 64.8918
64.8918 64.8918
64.8918 64.8918
64.8918 64.8918
64.8918 64.8918
64.8918 64.8918
64.8918 64.8918
64.8918 64.8918
64.8918 64.8918
64.8918 64.8918
64.8918 64.8918
64.8918 64.8918
64.8918 64.8918
64.8918 64.8918
64.8918 64.8918
64.8918 64.8918
64.8918 64.8918
64.8918 64.8918
64.8918 64.8918
64.8918 64.8918
64.8918 64.8918
64.8918 64.8918
64.8918 64.8918
64.8918 64.8918
64.8918 64.8918
64.8918 64.8918
64.8918 64.8918
64.8918 64.8918
64.8918 64.8918
64.8918 64.8918
64.8918 64.8918
64.8918 64.8918
64.8918 64.8918
64.8918 64.8918
64.8918 64.8918
64.8918 64.8918
64.8918 64.8918
64.8918 64.8918
64.8918 64.8918
64.8918 64.8918
64.8918 64.8918
64.8918 64.8918
64.8918 64.8918
64.8918 64.8918
64.8918 64.8918
64.8918 64.8918
64.8918 64.8918
64.8918 64.8918
64.8918 64.8918
64.8918 64.8918
64.8918 64.8918
64.8918 64.8918
64.8918 64.8918
64.8918 64.8918
64.8918 64.8918
64.8918 64.8918
64.8918 64.8918
64.8918 64.8918
64.8918 64.8918
64.8918 64.8918
64.8918 64.8918
64.8918 64.8918
64.8918 64.8918
64.8918 64.8918
64.8918 64.8918
64.8918 64.8918
64.8918 64.8918
64.8918 64.8918
64.8918 64.8918
64.8918 64.8918
64.8918 64.8918
64.8918 64.8918
64.8918 64.8918
64.8918 64.8918
64.8918 64.8918
64.8918 64.8918
64.8918 64.8918
64.8918 64.8918
64.8918 64.8918
64.8918 64.8918
64.8918 64.8918
64.8918 64.8918
64.8918 64.8918
64.8918 64.8918
64.8918 64.8918
64.8918 64.8918
64.8918 64.8918
64.8918 64.8918
64.8918 64.8918
64.8918 64.8918
64.8918 64.8918
64.8918 64.8918
64.8918 64.8918
64.8918 64.8918
