# SA_step expected_H error_H
0 -0.27563615 0.00309075
1 -0.28334894 0.00302808
2 -0.28133680 0.00292023
3 -0.30804706 0.00277769
4 -0.30660298 0.00285998
5 -0.27898650 0.00312636
6 -0.28374047 0.00298926
7 -0.25422014 0.00327929
8 -0.21916163 0.00334421
9 -0.24388990 0.00335776
10 -0.22888296 0.00340944
11 -0.20583735 0.00364404
12 -0.23075615 0.00339503
13 -0.20180980 0.00366887
14 -0.16632802 0.00388363
15 -0.12299123 0.00407936
16 -0.14198694 0.00411450
17 -0.17344019 0.00387343
18 -0.17362366 0.00381463
19 -0.17655130 0.00389610
20 -0.20824348 0.00361254
21 -0.16609891 0.00375633
22 -0.18950993 0.00362484
23 -0.21022885 0.00368199
24 -0.15971380 0.00384919
25 -0.12018095 0.00430210
26 -0.07443002 0.00469639
27 -0.10027974 0.00413747
28 -0.13662867 0.00413513
29 -0.12708841 0.00413435
30 -0.15168422 0.00399722
31 -0.12994133 0.00432486
32 -0.17532029 0.00386315
33 -0.20297819 0.00365784
34 -0.24799654 0.00335479
35 -0.27697696 0.00307422
36 -0.27961926 0.00302997
37 -0.27888630 0.00295066
38 -0.25640775 0.00330722
39 -0.28655832 0.00287204
40 -0.26734555 0.00325559
41 -0.25476709 0.00334019
42 -0.24617995 0.00329738
43 -0.26193588 0.00325766
44 -0.27700158 0.00301749
45 -0.28978272 0.00282364
46 -0.26270497 0.00324350
47 -0.31780446 0.00273013
48 -0.29483914 0.00279490
49 -0.30875513 0.00286218
50 -0.32214575 0.00274128
51 -0.34121389 0.00245819
52 -0.33671945 0.00256074
53 -0.32184562 0.00270720
54 -0.31166077 0.00263770
55 -0.32343684 0.00264797
56 -0.33991542 0.00249643
57 -0.35637578 0.00227693
58 -0.37754431 0.00207914
59 -0.39226704 0.00183698
60 -0.38427471 0.00194112
61 -0.38104161 0.00199976
62 -0.38927996 0.00188604
63 -0.39786849 0.00180835
64 -0.39515027 0.00185025
65 -0.40387871 0.00167401
66 -0.40910708 0.00161856
67 -0.40508254 0.00164252
68 -0.39849746 0.00177398
69 -0.39900442 0.00177431
70 -0.39773701 0.00174983
71 -0.38865677 0.00199237
72 -0.37691049 0.00205691
73 -0.37602719 0.00209507
74 -0.36085004 0.00218631
75 -0.36209879 0.00222103
76 -0.35721639 0.00221028
77 -0.36484921 0.00215686
78 -0.37390019 0.00204678
79 -0.38507876 0.00191212
80 -0.40016569 0.00169952
81 -0.41390210 0.00159072
82 -0.40210353 0.00165677
83 -0.39839666 0.00173431
84 -0.39583587 0.00177068
85 -0.40679209 0.00167315
86 -0.39600371 0.00179375
87 -0.39206626 0.00176203
88 -0.38591947 0.00191989
89 -0.39729548 0.00178215
90 -0.40542757 0.00169330
91 -0.40655705 0.00168665
92 -0.40063366 0.00179583
93 -0.40723462 0.00166271
94 -0.40053457 0.00169208
95 -0.40874812 0.00155085
96 -0.41975801 0.00143346
97 -0.42212847 0.00136088
98 -0.43218200 0.00123363
99 -0.42145001 0.00135584
100 -0.42931821 0.00124173
101 -0.41649125 0.00134073
102 -0.41190144 0.00146158
103 -0.40511569 0.00154460
104 -0.40556956 0.00152946
105 -0.41193629 0.00147072
106 -0.41225426 0.00152926
107 -0.40690187 0.00149787
108 -0.40732169 0.00158120
109 -0.41086395 0.00153051
110 -0.40853833 0.00157468
111 -0.40632052 0.00169589
112 -0.40116108 0.00172351
113 -0.40828922 0.00161382
114 -0.39344213 0.00181574
115 -0.38055740 0.00196093
116 -0.37739173 0.00199813
117 -0.37199842 0.00205313
118 -0.35864908 0.00226259
119 -0.37068343 0.00215535
120 -0.37224822 0.00217132
121 -0.38020155 0.00201956
122 -0.37525221 0.00207261
123 -0.35194229 0.00223667
124 -0.36630550 0.00214997
125 -0.37376806 0.00214432
126 -0.36895775 0.00208270
127 -0.38919518 0.00183103
128 -0.39215343 0.00193427
129 -0.37708691 0.00214656
130 -0.37378298 0.00207221
131 -0.37813005 0.00200574
132 -0.37867554 0.00204987
133 -0.39318446 0.00185701
134 -0.37499456 0.00196480
135 -0.37669135 0.00216886
136 -0.37725108 0.00201914
137 -0.37287507 0.00203227
138 -0.39019977 0.00185929
139 -0.38470671 0.00197280
140 -0.39206349 0.00189109
141 -0.38507970 0.00192786
142 -0.37681698 0.00214881
143 -0.38852769 0.00189119
144 -0.39231989 0.00183505
145 -0.38874816 0.00191779
146 -0.37585157 0.00204877
147 -0.36292760 0.00216724
148 -0.36988035 0.00211538
149 -0.36226831 0.00225138
150 -0.36425771 0.00212811
151 -0.37444721 0.00203254
152 -0.35605450 0.00222561
153 -0.38149409 0.00197285
154 -0.37022027 0.00212192
155 -0.34964810 0.00231909
156 -0.38093516 0.00185700
157 -0.38952758 0.00190631
158 -0.38353198 0.00189145
159 -0.39324313 0.00184898
160 -0.39654412 0.00179420
161 -0.40086009 0.00169847
162 -0.40148104 0.00172321
163 -0.41454327 0.00159509
164 -0.40733292 0.00164558
165 -0.38981434 0.00179673
166 -0.38110041 0.00203726
167 -0.38716762 0.00195852
168 -0.39029556 0.00181734
169 -0.39802980 0.00169599
170 -0.40510677 0.00161884
171 -0.41964199 0.00150748
172 -0.42406948 0.00136020
173 -0.42365510 0.00134162
174 -0.42446395 0.00133767
175 -0.42032433 0.00137822
176 -0.41550650 0.00154123
177 -0.42345157 0.00136335
178 -0.42622198 0.00124217
179 -0.43659860 0.00120789
180 -0.43664938 0.00116065
181 -0.43804392 0.00109360
182 -0.43755490 0.00105927
183 -0.43928508 0.00101808
184 -0.43856584 0.00100624
185 -0.43808381 0.00107688
186 -0.43565969 0.00106773
187 -0.43665930 0.00118901
188 -0.43603904 0.00110384
189 -0.43389525 0.00124463
190 -0.43144528 0.00119693
191 -0.43328084 0.00121199
192 -0.42918968 0.00123897
193 -0.42989499 0.00124081
194 -0.43047953 0.00125266
195 -0.42291660 0.00131741
196 -0.42061495 0.00141837
197 -0.41858775 0.00150336
198 -0.41154323 0.00160298
199 -0.41990254 0.00150973
200 -0.42026159 0.00145752
201 -0.41613958 0.00145797
202 -0.41315052 0.00152785
203 -0.40948002 0.00157135
204 -0.40435273 0.00169106
205 -0.41141820 0.00158760
206 -0.40638042 0.00169151
207 -0.39909596 0.00177010
208 -0.39263312 0.00187652
209 -0.37615080 0.00205727
210 -0.36549696 0.00206824
211 -0.34888002 0.00234219
212 -0.36538296 0.00216155
213 -0.35253211 0.00225836
214 -0.38723443 0.00194756
215 -0.37440437 0.00209853
216 -0.38408399 0.00187320
217 -0.37536774 0.00210242
218 -0.38854890 0.00186324
219 -0.38916160 0.00193875
220 -0.37688071 0.00197002
221 -0.36725098 0.00223613
222 -0.36926687 0.00215459
223 -0.37943623 0.00195292
224 -0.38012523 0.00198362
225 -0.38927304 0.00185373
226 -0.37999448 0.00198820
227 -0.37303271 0.00212315
228 -0.37665084 0.00214371
229 -0.38842967 0.00180305
230 -0.38053052 0.00200559
231 -0.39305366 0.00180026
232 -0.39070571 0.00189057
233 -0.39044632 0.00189515
234 -0.37388600 0.00205445
235 -0.36419401 0.00230951
236 -0.36659261 0.00207920
237 -0.33931446 0.00233684
238 -0.36488693 0.00210148
239 -0.34438237 0.00231613
240 -0.33635786 0.00233975
241 -0.34184805 0.00230808
242 -0.35263291 0.00229951
243 -0.36470787 0.00209785
244 -0.37985871 0.00194703
245 -0.37816465 0.00205419
246 -0.37377785 0.00204181
247 -0.37295651 0.00210517
248 -0.37911763 0.00201419
249 -0.37245972 0.00208554
250 -0.37949979 0.00198048
251 -0.37066831 0.00207191
252 -0.35072328 0.00227069
253 -0.37092242 0.00206768
254 -0.37043006 0.00201668
255 -0.37203797 0.00196662
256 -0.39109200 0.00181101
257 -0.39014701 0.00183586
258 -0.38111052 0.00203836
259 -0.36387905 0.00211254
260 -0.36722011 0.00211131
261 -0.36475859 0.00209549
262 -0.35851674 0.00220639
263 -0.34823344 0.00230339
264 -0.35706481 0.00218961
265 -0.36057783 0.00216185
266 -0.37169212 0.00204224
267 -0.38098866 0.00198109
268 -0.36744677 0.00211523
269 -0.37599490 0.00202487
270 -0.38103748 0.00191855
271 -0.37289670 0.00205984
272 -0.37267629 0.00192566
273 -0.37970433 0.00198127
274 -0.36295851 0.00222848
275 -0.35257621 0.00228907
276 -0.36560540 0.00218639
277 -0.38148457 0.00196335
278 -0.39387804 0.00182934
279 -0.40258887 0.00171891
280 -0.40201260 0.00174514
281 -0.38931479 0.00190432
282 -0.41245106 0.00156086
283 -0.40311730 0.00174459
284 -0.39678726 0.00177861
285 -0.41103420 0.00158109
286 -0.40230823 0.00164930
287 -0.41237177 0.00142396
288 -0.40783744 0.00159428
289 -0.39401429 0.00176791
290 -0.37982065 0.00198429
291 -0.37593106 0.00197625
292 -0.37246335 0.00215656
293 -0.37662048 0.00204965
294 -0.38345040 0.00191724
295 -0.39909424 0.00175541
296 -0.38696926 0.00191194
297 -0.38722975 0.00193059
298 -0.39192556 0.00182072
299 -0.38353646 0.00197292
300 -0.37969251 0.00195909
301 -0.37233645 0.00216170
302 -0.36591231 0.00232521
303 -0.35334721 0.00224140
304 -0.33308598 0.00243889
305 -0.31557218 0.00277246
306 -0.29668334 0.00282500
307 -0.30436749 0.00288997
308 -0.29821905 0.00295703
309 -0.29061157 0.00295499
310 -0.27147097 0.00312574
311 -0.30013869 0.00296479
312 -0.28753254 0.00297109
313 -0.30348041 0.00287539
314 -0.31435610 0.00273672
315 -0.33673700 0.00248860
316 -0.33124139 0.00248696
317 -0.30366820 0.00280366
318 -0.33675732 0.00261437
319 -0.33858563 0.00251135
320 -0.32590782 0.00252728
321 -0.33899724 0.00236352
322 -0.34725189 0.00238952
323 -0.33467891 0.00249472
324 -0.34616021 0.00248837
325 -0.32895054 0.00256707
326 -0.31272921 0.00274985
327 -0.31422255 0.00280342
328 -0.32764612 0.00255259
329 -0.29789113 0.00284830
330 -0.30672451 0.00280716
331 -0.30557648 0.00304027
332 -0.27543930 0.00318608
333 -0.30114527 0.00279247
334 -0.29342905 0.00289394
335 -0.28891482 0.00308327
336 -0.27287582 0.00307400
337 -0.27415847 0.00309117
338 -0.28132653 0.00313756
339 -0.25882111 0.00307062
340 -0.26055195 0.00310203
341 -0.28297663 0.00303168
342 -0.27112391 0.00318279
343 -0.26773542 0.00310665
344 -0.26289815 0.00316874
345 -0.26823048 0.00317026
346 -0.28806190 0.00300591
347 -0.27243814 0.00306847
348 -0.26885782 0.00318319
349 -0.29358082 0.00299849
350 -0.26273220 0.00324394
351 -0.30948385 0.00281542
352 -0.28723822 0.00303127
353 -0.26426925 0.00321849
354 -0.24198277 0.00333485
355 -0.28736570 0.00298626
356 -0.28699723 0.00302985
357 -0.30879325 0.00286208
358 -0.29701235 0.00290806
359 -0.29347641 0.00288184
360 -0.27150875 0.00298380
361 -0.29104219 0.00289155
362 -0.27051615 0.00316699
363 -0.23862076 0.00347961
364 -0.24965102 0.00327378
365 -0.27969454 0.00292871
366 -0.28747049 0.00308873
367 -0.25727089 0.00335354
368 -0.24624824 0.00329627
369 -0.25044839 0.00328782
370 -0.23398191 0.00353373
371 -0.21851119 0.00349825
372 -0.17408949 0.00386081
373 -0.21750093 0.00371245
374 -0.17520388 0.00402918
375 -0.21567999 0.00352751
376 -0.21698334 0.00372038
377 -0.19168950 0.00373827
378 -0.18993413 0.00372928
379 -0.21037547 0.00356134
380 -0.24272235 0.00336256
381 -0.20268968 0.00376030
382 -0.25050456 0.00341582
383 -0.26622477 0.00328142
384 -0.25625810 0.00333017
385 -0.23811523 0.00326030
386 -0.27206274 0.00325946
387 -0.23577157 0.00342749
388 -0.23501555 0.00340988
389 -0.29911640 0.00291166
390 -0.27229233 0.00313315
391 -0.29041384 0.00297024
392 -0.31863623 0.00273522
393 -0.30142816 0.00278234
394 -0.27288019 0.00299881
395 -0.30214408 0.00284808
396 -0.30993745 0.00277456
397 -0.33580407 0.00239892
398 -0.35251908 0.00244299
399 -0.35575879 0.00239385
400 -0.37630929 0.00205179
401 -0.39152670 0.00187192
402 -0.40001525 0.00168883
403 -0.39883153 0.00166380
404 -0.40549619 0.00158116
405 -0.41652114 0.00152278
406 -0.41659363 0.00150923
407 -0.41196746 0.00152781
408 -0.40882757 0.00161851
409 -0.41803128 0.00148163
410 -0.42485215 0.00131647
411 -0.42827550 0.00129255
412 -0.42723539 0.00132019
413 -0.42784102 0.00132392
414 -0.42597523 0.00136010
415 -0.41785297 0.00147375
416 -0.42545995 0.00129238
417 -0.41595188 0.00148461
418 -0.41637817 0.00144846
419 -0.41135815 0.00162724
420 -0.42329755 0.00137066
421 -0.42164744 0.00143738
422 -0.42234583 0.00136744
423 -0.42484748 0.00138454
424 -0.41383708 0.00152399
425 -0.42320276 0.00139854
426 -0.42609002 0.00136469
427 -0.43313694 0.00124201
428 -0.43209798 0.00124037
429 -0.42615515 0.00130059
430 -0.43280395 0.00125832
431 -0.43115999 0.00121887
432 -0.42849821 0.00133622
433 -0.42729586 0.00128083
434 -0.43183354 0.00122321
435 -0.43647312 0.00113855
436 -0.43893547 0.00112996
437 -0.43561895 0.00115329
438 -0.43668152 0.00118413
439 -0.43732321 0.00115282
440 -0.44258104 0.00107453
441 -0.44337633 0.00113056
442 -0.44298640 0.00107971
443 -0.44317765 0.00109068
444 -0.44161169 0.00117875
445 -0.44117949 0.00107244
446 -0.43903314 0.00111363
447 -0.44249620 0.00110958
448 -0.44538585 0.00101890
449 -0.44160149 0.00113472
450 -0.44170406 0.00107447
451 -0.44183470 0.00112789
452 -0.43756117 0.00109643
453 -0.43864636 0.00110060
454 -0.44112557 0.00104983
455 -0.44157197 0.00102273
456 -0.44029005 0.00107759
457 -0.44271390 0.00102184
458 -0.44322850 0.00106310
459 -0.44061369 0.00099189
460 -0.44420450 0.00106397
461 -0.44234905 0.00120667
462 -0.44144055 0.00114253
463 -0.44201458 0.00109816
464 -0.44287422 0.00109557
465 -0.43955371 0.00124581
466 -0.44364285 0.00105892
467 -0.43992069 0.00119527
468 -0.44361750 0.00106229
469 -0.44430749 0.00109240
470 -0.44502253 0.00113375
471 -0.44449814 0.00109661
472 -0.44405546 0.00108466
473 -0.44321344 0.00116661
474 -0.44460130 0.00114929
475 -0.44297642 0.00118140
476 -0.44245679 0.00114992
477 -0.44352312 0.00117976
478 -0.44465519 0.00109334
479 -0.44241062 0.00116346
480 -0.44251868 0.00128917
481 -0.44250045 0.00124349
482 -0.43754176 0.00134694
483 -0.43708689 0.00131045
484 -0.43928033 0.00137609
485 -0.43491951 0.00190433
486 -0.43432209 0.00154135
487 -0.43677326 0.00139929
488 -0.43418200 0.00145259
489 -0.43380442 0.00131386
490 -0.43863594 0.00146233
491 -0.43468277 0.00142848
492 -0.43605155 0.00142575
493 -0.44074293 0.00126853
494 -0.43855195 0.00129306
495 -0.43747959 0.00128102
496 -0.43725043 0.00125744
497 -0.43807935 0.00120995
498 -0.43325666 0.00115621
499 -0.43207672 0.00120516
500 -0.43412606 0.00124175
501 -0.43627346 0.00129905
502 -0.43758224 0.00120020
503 -0.43625070 0.00121455
504 -0.43626209 0.00127645
505 -0.43704622 0.00121203
506 -0.43132925 0.00128117
507 -0.43052032 0.00132123
508 -0.43658280 0.00123637
509 -0.43243994 0.00122670
510 -0.42488800 0.00127294
511 -0.42900036 0.00133306
512 -0.43018955 0.00127188
513 -0.43382679 0.00136108
514 -0.42892903 0.00125363
515 -0.42852153 0.00135955
516 -0.43547256 0.00117499
517 -0.43735493 0.00121800
518 -0.43290524 0.00135709
519 -0.43386584 0.00133373
520 -0.42972504 0.00124966
521 -0.42750014 0.00129990
522 -0.43445976 0.00125830
523 -0.43703512 0.00134446
524 -0.43868496 0.00123719
525 -0.43536818 0.00122410
526 -0.43652816 0.00128050
527 -0.43746281 0.00119773
528 -0.43768198 0.00120199
529 -0.43740074 0.00117700
530 -0.43855335 0.00126429
531 -0.43517409 0.00126089
532 -0.43765559 0.00118566
533 -0.43689082 0.00121062
534 -0.44050627 0.00124836
535 -0.43999721 0.00108038
536 -0.43638262 0.00125646
537 -0.43660289 0.00110908
538 -0.44205153 0.00114388
539 -0.43963414 0.00126235
540 -0.44154305 0.00109618
541 -0.43537346 0.00117460
542 -0.43527013 0.00122319
543 -0.43259046 0.00120011
544 -0.43098692 0.00124931
545 -0.42201841 0.00133489
546 -0.42308689 0.00137311
547 -0.42849854 0.00129553
548 -0.43013127 0.00116961
549 -0.43067007 0.00118068
550 -0.43303128 0.00103803
551 -0.42956122 0.00116979
552 -0.42704626 0.00117264
553 -0.42114725 0.00128754
554 -0.42192099 0.00135937
555 -0.42403222 0.00123850
556 -0.41375640 0.00130757
557 -0.42004190 0.00127601
558 -0.41830378 0.00127125
559 -0.41617721 0.00134793
560 -0.42150253 0.00136899
561 -0.42285961 0.00126367
562 -0.41138264 0.00142106
563 -0.42236851 0.00131314
564 -0.42646088 0.00126693
565 -0.42455402 0.00125745
566 -0.43082427 0.00119791
567 -0.42908056 0.00115607
568 -0.43186921 0.00112076
569 -0.43432480 0.00118856
570 -0.43797549 0.00115476
571 -0.43859445 0.00115481
572 -0.43760151 0.00109580
573 -0.43950661 0.00111124
574 -0.43812481 0.00103844
575 -0.43474432 0.00102701
576 -0.44073156 0.00104094
577 -0.43803592 0.00106612
578 -0.43907965 0.00102129
579 -0.43916184 0.00099720
580 -0.44077029 0.00105103
581 -0.43925284 0.00098304
582 -0.43864593 0.00089225
583 -0.43586922 0.00103895
584 -0.43954338 0.00099934
585 -0.43956773 0.00108114
586 -0.44441360 0.00099350
587 -0.44161143 0.00104829
588 -0.44231321 0.00101872
589 -0.44231949 0.00099600
590 -0.44319028 0.00110273
591 -0.44382192 0.00100938
592 -0.44065683 0.00113024
593 -0.44194492 0.00107935
594 -0.44105861 0.00111909
595 -0.44427431 0.00105639
596 -0.44130086 0.00104383
597 -0.43975617 0.00111240
598 -0.44015119 0.00114376
599 -0.43848912 0.00109491
600 -0.44149884 0.00104895
601 -0.44410831 0.00104510
602 -0.44356733 0.00105527
603 -0.44218527 0.00105574
604 -0.44527276 0.00103804
605 -0.44264950 0.00104122
606 -0.44454180 0.00103363
607 -0.44242531 0.00105840
608 -0.43955079 0.00105276
609 -0.44344691 0.00104538
610 -0.44252246 0.00110404
611 -0.44102109 0.00103892
612 -0.44076774 0.00102329
613 -0.43982388 0.00101744
614 -0.44194086 0.00097911
615 -0.43876194 0.00107016
616 -0.43999522 0.00093370
617 -0.43573743 0.00102714
618 -0.44116361 0.00105775
619 -0.43941151 0.00100002
620 -0.43674623 0.00104183
621 -0.43577221 0.00098841
622 -0.43672487 0.00114766
623 -0.43859414 0.00099323
624 -0.43711555 0.00113252
625 -0.43321148 0.00114441
626 -0.44098165 0.00103000
627 -0.43555529 0.00113764
628 -0.43658676 0.00116562
629 -0.43330462 0.00131143
630 -0.43963423 0.00106394
631 -0.43769129 0.00104585
632 -0.43664929 0.00101959
633 -0.43661186 0.00106605
634 -0.43763155 0.00100333
635 -0.43887625 0.00111197
636 -0.43982426 0.00094443
637 -0.43870683 0.00097882
638 -0.43675796 0.00106959
639 -0.43898560 0.00104478
640 -0.43853379 0.00102253
641 -0.43624021 0.00132829
642 -0.44073861 0.00112203
643 -0.43996651 0.00111545
644 -0.44110329 0.00115912
645 -0.44438299 0.00111373
646 -0.43974366 0.00128755
647 -0.44307668 0.00106920
648 -0.44227428 0.00125662
649 -0.44199780 0.00113896
650 -0.44068253 0.00117486
651 -0.44208702 0.00119615
652 -0.44145398 0.00118252
653 -0.43759693 0.00138374
654 -0.44400595 0.00124809
655 -0.44115428 0.00119353
656 -0.44021076 0.00120147
657 -0.43688814 0.00130089
658 -0.43046973 0.00152803
659 -0.43212706 0.00147856
660 -0.42624829 0.00175614
661 -0.42892521 0.00154095
662 -0.42680718 0.00154690
663 -0.42337238 0.00167346
664 -0.42274799 0.00172693
665 -0.41834753 0.00183915
666 -0.41258390 0.00216373
667 -0.41814501 0.00199038
668 -0.42143583 0.00193397
669 -0.43044172 0.00158615
670 -0.41927589 0.00189580
671 -0.41841183 0.00186517
672 -0.42674036 0.00170788
673 -0.41961053 0.00183834
674 -0.41511769 0.00191585
675 -0.42201205 0.00181378
676 -0.43060706 0.00163614
677 -0.42635145 0.00177689
678 -0.42365289 0.00177670
679 -0.42192849 0.00208847
680 -0.41557037 0.00207510
681 -0.41288059 0.00208737
682 -0.40625815 0.00224348
683 -0.41336014 0.00204099
684 -0.40227429 0.00225018
685 -0.41436514 0.00214671
686 -0.40989263 0.00221887
687 -0.41629951 0.00206693
688 -0.40326827 0.00243870
689 -0.41521894 0.00207206
690 -0.42469031 0.00177006
691 -0.42476635 0.00180006
692 -0.42695397 0.00157276
693 -0.42132070 0.00180984
694 -0.42508299 0.00193485
695 -0.42794971 0.00167860
696 -0.41813839 0.00190476
697 -0.42466847 0.00186132
698 -0.41729163 0.00199070
699 -0.42820947 0.00164770
700 -0.42707186 0.00163087
701 -0.43232098 0.00154928
702 -0.42972892 0.00163874
703 -0.42789240 0.00174188
704 -0.42601844 0.00170893
705 -0.42687006 0.00171592
706 -0.42552874 0.00178299
707 -0.42412290 0.00168637
708 -0.42648079 0.00179976
709 -0.42699336 0.00183348
710 -0.42842477 0.00199493
711 -0.42672012 0.00173125
712 -0.42187139 0.00184864
713 -0.42623688 0.00173122
714 -0.42265649 0.00197505
715 -0.41836409 0.00196578
716 -0.42453754 0.00189192
717 -0.41843923 0.00203184
718 -0.41634455 0.00194235
719 -0.41019268 0.00208010
720 -0.40308036 0.00238013
721 -0.40023271 0.00240672
722 -0.40862899 0.00212735
723 -0.40753937 0.00228957
724 -0.40150765 0.00238846
725 -0.39504146 0.00274044
726 -0.39528213 0.00234989
727 -0.39760630 0.00230666
728 -0.39575447 0.00238068
729 -0.39926232 0.00233969
730 -0.39699143 0.00224888
731 -0.40348655 0.00248613
732 -0.40142654 0.00242803
733 -0.40774479 0.00203188
734 -0.40838831 0.00207412
735 -0.40018893 0.00240624
736 -0.41178500 0.00204591
737 -0.40297817 0.00223066
738 -0.40598111 0.00206796
739 -0.40130336 0.00209014
740 -0.41246633 0.00206384
741 -0.41047305 0.00201559
742 -0.41364456 0.00177471
743 -0.40454107 0.00200474
744 -0.40284283 0.00193161
745 -0.40626999 0.00170563
746 -0.40826138 0.00172009
747 -0.41222735 0.00175155
748 -0.41059792 0.00164410
749 -0.41507759 0.00143741
750 -0.41039065 0.00177862
751 -0.40765591 0.00180194
752 -0.41458110 0.00168898
753 -0.40861678 0.00174866
754 -0.40706593 0.00172276
755 -0.40101825 0.00180781
756 -0.40142473 0.00174050
757 -0.40835184 0.00172652
758 -0.40483144 0.00189701
759 -0.40390061 0.00178395
760 -0.40943698 0.00173428
761 -0.40935059 0.00164250
762 -0.40590213 0.00164037
763 -0.41123300 0.00165685
764 -0.40572354 0.00174782
765 -0.40070534 0.00183987
766 -0.39930166 0.00193914
767 -0.40191440 0.00176862
768 -0.40382743 0.00181611
769 -0.40391303 0.00171750
770 -0.39868885 0.00182777
771 -0.39344914 0.00190115
772 -0.39553591 0.00207870
773 -0.39348193 0.00204729
774 -0.40055936 0.00194162
775 -0.40524417 0.00175835
776 -0.40127245 0.00186177
777 -0.40592772 0.00193972
778 -0.40237968 0.00205852
779 -0.41288435 0.00167240
780 -0.41177733 0.00202610
781 -0.41402705 0.00158571
782 -0.41131900 0.00153766
783 -0.40531609 0.00156113
784 -0.40996964 0.00156407
785 -0.40928890 0.00152841
786 -0.40813609 0.00161096
787 -0.40399189 0.00185895
788 -0.40916554 0.00172108
789 -0.41308413 0.00163980
790 -0.41134980 0.00160507
791 -0.41020508 0.00162924
792 -0.40902461 0.00187168
793 -0.41293918 0.00159034
794 -0.40953707 0.00157580
795 -0.40974979 0.00164466
796 -0.40883698 0.00168266
797 -0.41223592 0.00181871
798 -0.41079985 0.00177280
799 -0.40840546 0.00179745
800 -0.40460207 0.00197246
801 -0.39354418 0.00241548
802 -0.40976829 0.00187729
803 -0.40244110 0.00189600
804 -0.40934935 0.00165745
805 -0.41175585 0.00179327
806 -0.40322952 0.00208639
807 -0.40048387 0.00217050
808 -0.40507301 0.00224882
809 -0.40924164 0.00195018
810 -0.40315479 0.00223672
811 -0.39642823 0.00244149
812 -0.40245860 0.00249138
813 -0.39702081 0.00217877
814 -0.40270850 0.00212568
815 -0.40117111 0.00249972
816 -0.40242660 0.00233595
817 -0.41131627 0.00207813
818 -0.41839924 0.00186815
819 -0.41430328 0.00185340
820 -0.41748225 0.00170045
821 -0.42237628 0.00164692
822 -0.42569127 0.00162404
823 -0.42104979 0.00187298
824 -0.42489799 0.00155955
825 -0.42930276 0.00156739
826 -0.43208000 0.00156733
827 -0.43317622 0.00154098
828 -0.42975235 0.00158743
829 -0.42915662 0.00165432
830 -0.42772537 0.00171421
831 -0.41992657 0.00195014
832 -0.43229323 0.00146335
833 -0.42861373 0.00163677
834 -0.42997123 0.00181362
835 -0.43101511 0.00158771
836 -0.43213092 0.00150833
837 -0.43209722 0.00154328
838 -0.43332508 0.00149289
839 -0.43572855 0.00126389
840 -0.43668013 0.00127463
841 -0.43513423 0.00152969
842 -0.43924574 0.00119599
843 -0.43688339 0.00132541
844 -0.43494694 0.00113563
845 -0.43761076 0.00102825
846 -0.43348252 0.00111879
847 -0.43414897 0.00114158
848 -0.43793069 0.00115842
849 -0.43646830 0.00113822
850 -0.43714900 0.00109251
851 -0.44065784 0.00099695
852 -0.43876192 0.00098849
853 -0.43223316 0.00114345
854 -0.43520560 0.00100864
855 -0.43570414 0.00100239
856 -0.43156875 0.00103738
857 -0.43210926 0.00101305
858 -0.43491197 0.00097642
859 -0.43058267 0.00099579
860 -0.42984125 0.00095785
861 -0.43306404 0.00107513
862 -0.42529311 0.00107913
863 -0.43055742 0.00108452
864 -0.42349918 0.00111278
865 -0.43094734 0.00105391
866 -0.43537930 0.00102140
867 -0.43447533 0.00105688
868 -0.43143713 0.00107547
869 -0.43599626 0.00099792
870 -0.43632029 0.00103677
871 -0.43680623 0.00098869
872 -0.43747747 0.00099933
873 -0.43385163 0.00107140
874 -0.43334597 0.00095509
875 -0.43271605 0.00093522
876 -0.42648471 0.00102265
877 -0.42758680 0.00100587
878 -0.42796962 0.00103780
879 -0.43093741 0.00100469
880 -0.43263645 0.00094084
881 -0.42756861 0.00098238
882 -0.42826215 0.00101356
883 -0.42625524 0.00101687
884 -0.42614905 0.00102561
885 -0.42092546 0.00105083
886 -0.41620096 0.00125243
887 -0.41987622 0.00095872
888 -0.41381416 0.00099455
889 -0.42292625 0.00103839
890 -0.42079010 0.00109813
891 -0.42052764 0.00105272
892 -0.41767614 0.00104405
893 -0.41762351 0.00110187
894 -0.41777392 0.00106169
895 -0.41366306 0.00102334
896 -0.41131446 0.00108346
897 -0.41775682 0.00099051
898 -0.42125628 0.00102215
899 -0.42013557 0.00099070
900 -0.42531234 0.00102492
901 -0.42792225 0.00102298
902 -0.42612889 0.00107612
903 -0.42530203 0.00102053
904 -0.42385453 0.00107738
905 -0.42298192 0.00106428
906 -0.42306900 0.00106472
907 -0.42647025 0.00108823
908 -0.42996688 0.00100428
909 -0.42573730 0.00102248
910 -0.43099779 0.00107978
911 -0.43068347 0.00105662
912 -0.42935335 0.00116402
913 -0.42581861 0.00113726
914 -0.42833872 0.00112922
915 -0.42775661 0.00122252
916 -0.43015581 0.00113264
917 -0.43422813 0.00112177
918 -0.43805494 0.00101512
919 -0.43584767 0.00110542
920 -0.43355332 0.00106492
921 -0.43724900 0.00109250
922 -0.43977388 0.00107495
923 -0.44223747 0.00108902
924 -0.43924270 0.00105986
925 -0.44413526 0.00100928
926 -0.44111181 0.00106234
927 -0.44296600 0.00107087
928 -0.44418210 0.00098507
929 -0.44088503 0.00105568
930 -0.44409050 0.00097768
931 -0.44343889 0.00108153
932 -0.44427275 0.00109517
933 -0.44209159 0.00120536
934 -0.43933818 0.00120253
935 -0.43577473 0.00125985
936 -0.44311966 0.00107989
937 -0.44461597 0.00105693
938 -0.44453369 0.00105360
939 -0.44475807 0.00113047
940 -0.44343779 0.00108762
941 -0.44471092 0.00103589
942 -0.44221406 0.00111882
943 -0.44179085 0.00103430
944 -0.44342198 0.00111090
945 -0.44383028 0.00111134
946 -0.44159279 0.00110759
947 -0.44230658 0.00114375
948 -0.44198603 0.00106618
949 -0.43971838 0.00106787
950 -0.44340017 0.00107482
951 -0.44101887 0.00103241
952 -0.44439354 0.00100840
953 -0.44042646 0.00115037
954 -0.44273471 0.00111661
955 -0.44406536 0.00106354
956 -0.44421627 0.00114166
957 -0.44425260 0.00103776
958 -0.44319194 0.00107672
959 -0.44329182 0.00110648
960 -0.44317479 0.00109261
961 -0.44376521 0.00110014
962 -0.44494317 0.00111083
963 -0.44354427 0.00119488
964 -0.44346286 0.00120108
965 -0.44159414 0.00132959
966 -0.44152416 0.00128816
967 -0.43881560 0.00133627
968 -0.43563916 0.00146258
969 -0.43287209 0.00155733
970 -0.42873165 0.00169282
971 -0.42383360 0.00184832
972 -0.43200927 0.00145394
973 -0.42995338 0.00165610
974 -0.42869263 0.00154083
975 -0.42822825 0.00145346
976 -0.42668795 0.00161665
977 -0.43498911 0.00137644
978 -0.43546133 0.00151079
979 -0.42904199 0.00166045
980 -0.43175917 0.00157088
981 -0.42437251 0.00175731
982 -0.43064056 0.00145995
983 -0.43439936 0.00152356
984 -0.42875634 0.00159960
985 -0.43589686 0.00136737
986 -0.43670669 0.00133058
987 -0.43105448 0.00146054
988 -0.42676090 0.00167052
989 -0.42381577 0.00172428
990 -0.42005751 0.00179018
991 -0.41828341 0.00176192
992 -0.41295362 0.00189071
993 -0.41010058 0.00177886
994 -0.41483968 0.00168987
995 -0.41072057 0.00170415
996 -0.39815704 0.00198610
997 -0.40880817 0.00189911
998 -0.40986676 0.00185957
999 -0.41690148 0.00182558
1000 -0.41489670 0.00178225
1001 -0.41281455 0.00196094
1002 -0.41188253 0.00186366
1003 -0.41484193 0.00184307
1004 -0.40606631 0.00210514
1005 -0.41425826 0.00193279
1006 -0.41318137 0.00173608
1007 -0.41393643 0.00177586
1008 -0.42017030 0.00159385
1009 -0.42173531 0.00177804
1010 -0.42854976 0.00148402
1011 -0.42492971 0.00141644
1012 -0.42044196 0.00173338
1013 -0.42845142 0.00135270
1014 -0.42859029 0.00144312
1015 -0.43592219 0.00137004
1016 -0.42973415 0.00137605
1017 -0.42746843 0.00128896
1018 -0.42969345 0.00135174
1019 -0.43275690 0.00122652
1020 -0.43590802 0.00124124
1021 -0.43147575 0.00122882
1022 -0.43746595 0.00115553
1023 -0.43610971 0.00134278
1024 -0.43932984 0.00119524
1025 -0.44026385 0.00118688
1026 -0.44106011 0.00122846
1027 -0.44169690 0.00115742
1028 -0.44084492 0.00125356
1029 -0.43988075 0.00123418
1030 -0.44042489 0.00124274
1031 -0.44290233 0.00118233
1032 -0.44150722 0.00111367
1033 -0.44067232 0.00117168
1034 -0.44039166 0.00111960
1035 -0.43902243 0.00114146
1036 -0.44090581 0.00111892
1037 -0.43474660 0.00119225
1038 -0.44329657 0.00114950
1039 -0.44280870 0.00115562
1040 -0.44254130 0.00115183
1041 -0.43951857 0.00120684
1042 -0.43990190 0.00121067
1043 -0.43718927 0.00126795
1044 -0.43387121 0.00132423
1045 -0.43214705 0.00150826
1046 -0.43324226 0.00131601
1047 -0.42699804 0.00155241
1048 -0.42928367 0.00159377
1049 -0.43299446 0.00147265
1050 -0.43606251 0.00132375
1051 -0.43417639 0.00126362
1052 -0.43191760 0.00123237
1053 -0.43423697 0.00118641
1054 -0.43449843 0.00121310
1055 -0.43605377 0.00119232
1056 -0.43487016 0.00121293
1057 -0.43021805 0.00119995
1058 -0.43708945 0.00115171
1059 -0.43601698 0.00125174
1060 -0.43506216 0.00121205
1061 -0.43014051 0.00120063
1062 -0.43076891 0.00129921
1063 -0.43725229 0.00122503
1064 -0.43431104 0.00118372
1065 -0.43426659 0.00119587
1066 -0.43266095 0.00118357
1067 -0.43820711 0.00117922
1068 -0.44267108 0.00111393
1069 -0.44026910 0.00110507
1070 -0.43956996 0.00120042
1071 -0.43872429 0.00112785
1072 -0.44025272 0.00117235
1073 -0.43924877 0.00116374
1074 -0.43476812 0.00115026
1075 -0.43419706 0.00119405
1076 -0.43081653 0.00125861
1077 -0.43696788 0.00120230
1078 -0.43718367 0.00118740
1079 -0.43239330 0.00124915
1080 -0.43645867 0.00116574
1081 -0.43300595 0.00117418
1082 -0.43776963 0.00126239
1083 -0.43974533 0.00123096
1084 -0.43699101 0.00109923
1085 -0.43979277 0.00107238
1086 -0.44053810 0.00106259
1087 -0.43594702 0.00118070
1088 -0.43230584 0.00125464
1089 -0.42954263 0.00121271
1090 -0.43023647 0.00122168
1091 -0.43396684 0.00122393
1092 -0.42997726 0.00128629
1093 -0.42698392 0.00138074
1094 -0.43130193 0.00121944
1095 -0.42873394 0.00120497
1096 -0.42643436 0.00126270
1097 -0.42376648 0.00132775
1098 -0.43549335 0.00116588
1099 -0.43170621 0.00125912
1100 -0.42930254 0.00128268
1101 -0.42367246 0.00141043
1102 -0.42958218 0.00132545
1103 -0.43168552 0.00126845
1104 -0.42870803 0.00133029
1105 -0.42601820 0.00129983
1106 -0.43165061 0.00124968
1107 -0.43513145 0.00122263
1108 -0.43528668 0.00125982
1109 -0.43671679 0.00123973
1110 -0.43759258 0.00114128
1111 -0.43207280 0.00120664
1112 -0.42938827 0.00132178
1113 -0.43466333 0.00126769
1114 -0.43641997 0.00119572
1115 -0.43952758 0.00112649
1116 -0.43654821 0.00122772
1117 -0.43916486 0.00113553
1118 -0.43806531 0.00118762
1119 -0.43908959 0.00122032
1120 -0.43885825 0.00123088
1121 -0.43904061 0.00115646
1122 -0.43755545 0.00120637
1123 -0.43543096 0.00127336
1124 -0.43943662 0.00114612
1125 -0.44222546 0.00111050
1126 -0.44142356 0.00119781
1127 -0.43854548 0.00120337
1128 -0.43878898 0.00108937
1129 -0.43703630 0.00120824
1130 -0.43516346 0.00120796
1131 -0.43836059 0.00118327
1132 -0.43499760 0.00118260
1133 -0.43020856 0.00131934
1134 -0.43029259 0.00126926
1135 -0.43194201 0.00118157
1136 -0.42886498 0.00126797
1137 -0.43178448 0.00128569
1138 -0.43085185 0.00128109
1139 -0.43441394 0.00122850
1140 -0.43154122 0.00126659
1141 -0.43750952 0.00115382
1142 -0.43876125 0.00114109
1143 -0.43515029 0.00118338
1144 -0.43012515 0.00119202
1145 -0.43046127 0.00125855
1146 -0.43674128 0.00112267
1147 -0.44049585 0.00108790
1148 -0.43470040 0.00115582
1149 -0.44032256 0.00108347
1150 -0.44140111 0.00110435
1151 -0.43988152 0.00117251
1152 -0.43875130 0.00120100
1153 -0.44056214 0.00115314
1154 -0.43632370 0.00123680
1155 -0.43256172 0.00120161
1156 -0.43531887 0.00120754
1157 -0.43460782 0.00120735
1158 -0.43935006 0.00116414
1159 -0.44248614 0.00114470
1160 -0.44307839 0.00119366
1161 -0.44302352 0.00114814
1162 -0.44448571 0.00125031
1163 -0.44669305 0.00108593
1164 -0.44354798 0.00115568
1165 -0.44228519 0.00111692
1166 -0.44290988 0.00111729
1167 -0.44374228 0.00116712
1168 -0.44223979 0.00117804
1169 -0.43914482 0.00129684
1170 -0.44228806 0.00111545
1171 -0.44289084 0.00115753
1172 -0.44396793 0.00110978
1173 -0.43850303 0.00115804
1174 -0.44252412 0.00116412
1175 -0.44524975 0.00115541
1176 -0.44272427 0.00109362
1177 -0.44491370 0.00103380
1178 -0.44199457 0.00110010
1179 -0.44300522 0.00115281
1180 -0.44376157 0.00105631
1181 -0.44303745 0.00108601
1182 -0.44381904 0.00102384
1183 -0.44199784 0.00107399
1184 -0.44075131 0.00111603
1185 -0.44316439 0.00103731
1186 -0.44215227 0.00103535
1187 -0.44160319 0.00112058
1188 -0.44289250 0.00104098
1189 -0.44444018 0.00102968
1190 -0.44338112 0.00112065
1191 -0.44236573 0.00106881
1192 -0.44262050 0.00105506
1193 -0.44233694 0.00105147
1194 -0.44208325 0.00112471
1195 -0.43701395 0.00112422
1196 -0.44136828 0.00126407
1197 -0.44032891 0.00116775
1198 -0.43802481 0.00126430
1199 -0.43966746 0.00116371
1200 -0.43954977 0.00115277
1201 -0.43385053 0.00118968
1202 -0.43484962 0.00119539
1203 -0.43418282 0.00117299
1204 -0.44141099 0.00111431
1205 -0.43365878 0.00120990
1206 -0.43847362 0.00111817
1207 -0.43874529 0.00117117
1208 -0.43959720 0.00119133
1209 -0.43682563 0.00118871
1210 -0.43978104 0.00113456
1211 -0.43728563 0.00110148
1212 -0.44018323 0.00107317
1213 -0.43680364 0.00114664
1214 -0.43557295 0.00111432
1215 -0.43529620 0.00112945
1216 -0.44243533 0.00114737
1217 -0.43793513 0.00120516
1218 -0.43701012 0.00116809
1219 -0.43211867 0.00131956
1220 -0.43244058 0.00124002
1221 -0.43437552 0.00121371
1222 -0.43565799 0.00122026
1223 -0.43744510 0.00111910
1224 -0.44021321 0.00108033
1225 -0.44168630 0.00108770
1226 -0.44124502 0.00113375
1227 -0.44336894 0.00107848
1228 -0.44329634 0.00118209
1229 -0.43894095 0.00123565
1230 -0.44267584 0.00114503
1231 -0.43724100 0.00119712
1232 -0.44040192 0.00119816
1233 -0.44161510 0.00131786
1234 -0.43967981 0.00139246
1235 -0.43147599 0.00144896
1236 -0.43041964 0.00175058
1237 -0.43045721 0.00151520
1238 -0.43397979 0.00155980
1239 -0.43207173 0.00165741
1240 -0.43319470 0.00150136
1241 -0.43686114 0.00140764
1242 -0.43233709 0.00150859
1243 -0.43298512 0.00146927
1244 -0.42979806 0.00169142
1245 -0.43175883 0.00146841
1246 -0.43877198 0.00131285
1247 -0.43791089 0.00131589
1248 -0.43698724 0.00135140
1249 -0.43511339 0.00137909
1250 -0.43543106 0.00135961
1251 -0.43911966 0.00119397
1252 -0.43511759 0.00128301
1253 -0.43906273 0.00132727
1254 -0.43728205 0.00133703
1255 -0.43307692 0.00144503
1256 -0.42986083 0.00148684
1257 -0.43270711 0.00134984
1258 -0.42899174 0.00169299
1259 -0.42713754 0.00165069
1260 -0.42792269 0.00165820
1261 -0.42555272 0.00159146
1262 -0.42542416 0.00167677
1263 -0.42275777 0.00174091
1264 -0.42080628 0.00182185
1265 -0.41527455 0.00186058
1266 -0.41665926 0.00195813
1267 -0.41791230 0.00191030
1268 -0.41639343 0.00193098
1269 -0.41341946 0.00189763
1270 -0.41100701 0.00219061
1271 -0.40999201 0.00222855
1272 -0.42349908 0.00190596
1273 -0.41838586 0.00212295
1274 -0.42630894 0.00175871
1275 -0.42335860 0.00201127
1276 -0.41694472 0.00203832
1277 -0.42653729 0.00179212
1278 -0.42151038 0.00182996
1279 -0.42367945 0.00193563
1280 -0.43131238 0.00167717
1281 -0.43354261 0.00152783
1282 -0.42844039 0.00168703
1283 -0.42808420 0.00174487
1284 -0.42564608 0.00176157
1285 -0.41651956 0.00219895
1286 -0.41740449 0.00201032
1287 -0.42101390 0.00212029
1288 -0.42082772 0.00185870
1289 -0.42497501 0.00182907
1290 -0.42834760 0.00183789
1291 -0.43070485 0.00154926
1292 -0.42850027 0.00198366
1293 -0.42798010 0.00173631
1294 -0.43017233 0.00163330
1295 -0.43311482 0.00165793
1296 -0.43380341 0.00172255
1297 -0.43698402 0.00149554
1298 -0.43661812 0.00151591
1299 -0.43532971 0.00158067
1300 -0.43586835 0.00151669
1301 -0.43580292 0.00141001
1302 -0.43263024 0.00158510
1303 -0.43467944 0.00158676
1304 -0.43743639 0.00147947
1305 -0.44033967 0.00139891
1306 -0.44013928 0.00145422
1307 -0.43797704 0.00148988
1308 -0.43676086 0.00143520
1309 -0.43620351 0.00152639
1310 -0.43547638 0.00144360
1311 -0.42895288 0.00184626
1312 -0.43238670 0.00153760
1313 -0.42594328 0.00177075
1314 -0.42505128 0.00180836
1315 -0.42769643 0.00175524
1316 -0.42029333 0.00195413
1317 -0.43120258 0.00174338
1318 -0.42256748 0.00192547
1319 -0.43789446 0.00157807
1320 -0.44060905 0.00137727
1321 -0.43529062 0.00153331
1322 -0.44021126 0.00131162
1323 -0.43502743 0.00144191
1324 -0.43768494 0.00141062
1325 -0.44045652 0.00131857
1326 -0.44236742 0.00126058
1327 -0.43981654 0.00122419
1328 -0.43933686 0.00130184
1329 -0.43960076 0.00121397
1330 -0.43920030 0.00150271
1331 -0.44186179 0.00124632
1332 -0.44290179 0.00117833
1333 -0.43787718 0.00149173
1334 -0.44535393 0.00118555
1335 -0.44427801 0.00121116
1336 -0.44047113 0.00142159
1337 -0.44117089 0.00119928
1338 -0.44129035 0.00115513
1339 -0.44268879 0.00110941
1340 -0.44504655 0.00114340
1341 -0.44087708 0.00130023
1342 -0.43957687 0.00136967
1343 -0.44195363 0.00115398
1344 -0.44013748 0.00154120
1345 -0.44419387 0.00105233
1346 -0.44450803 0.00112235
1347 -0.44244911 0.00119233
1348 -0.44157249 0.00121096
1349 -0.44225900 0.00121032
1350 -0.44477303 0.00119432
1351 -0.44184253 0.00123067
1352 -0.44007348 0.00139030
1353 -0.43915461 0.00129642
1354 -0.43799788 0.00146174
1355 -0.43748783 0.00154116
1356 -0.43627306 0.00151886
1357 -0.42847705 0.00162526
1358 -0.43880823 0.00139037
1359 -0.43219462 0.00154010
1360 -0.43067933 0.00163428
1361 -0.43491833 0.00143188
1362 -0.43472011 0.00135858
1363 -0.43165906 0.00131093
1364 -0.42791046 0.00148918
1365 -0.43226837 0.00132131
1366 -0.43623151 0.00124363
1367 -0.43709492 0.00130948
1368 -0.43545360 0.00130323
1369 -0.43858704 0.00122960
1370 -0.43895142 0.00124306
1371 -0.43845871 0.00127019
1372 -0.44061280 0.00133780
1373 -0.44095155 0.00127316
1374 -0.43839406 0.00124933
1375 -0.43813489 0.00130008
1376 -0.43706259 0.00135956
1377 -0.43138861 0.00156527
1378 -0.43552451 0.00144675
1379 -0.43192532 0.00152677
1380 -0.43433713 0.00146709
1381 -0.43905924 0.00134822
1382 -0.43848249 0.00130565
1383 -0.43736871 0.00122517
1384 -0.43759710 0.00125990
1385 -0.43617725 0.00137315
1386 -0.43633609 0.00117595
1387 -0.43609495 0.00128105
1388 -0.43725276 0.00124647
1389 -0.43941163 0.00123153
1390 -0.44005677 0.00122890
1391 -0.43706299 0.00118018
1392 -0.44199816 0.00125502
1393 -0.43958940 0.00121001
1394 -0.43763744 0.00116804
1395 -0.43578769 0.00122082
1396 -0.43963958 0.00113849
1397 -0.44010641 0.00115875
1398 -0.44037322 0.00126531
1399 -0.43707542 0.00133213
1400 -0.43973450 0.00120577
1401 -0.43965651 0.00124510
1402 -0.43828426 0.00132115
1403 -0.43611990 0.00144499
1404 -0.43657721 0.00131995
1405 -0.43291368 0.00135121
1406 -0.43519953 0.00151652
1407 -0.43989694 0.00121464
1408 -0.43711126 0.00132835
1409 -0.43674545 0.00121727
1410 -0.43667748 0.00117856
1411 -0.43448266 0.00120872
1412 -0.43390032 0.00120148
1413 -0.43133545 0.00123836
1414 -0.43438888 0.00122213
1415 -0.43521650 0.00119435
1416 -0.43624761 0.00117235
1417 -0.43332379 0.00124679
1418 -0.43970308 0.00114792
1419 -0.43766541 0.00112677
1420 -0.43705828 0.00117964
1421 -0.43539397 0.00119402
1422 -0.43450011 0.00121684
1423 -0.43913943 0.00115949
1424 -0.43788874 0.00116057
1425 -0.43736358 0.00126499
1426 -0.43035549 0.00123709
1427 -0.43819575 0.00127382
1428 -0.43597095 0.00132941
1429 -0.43843307 0.00120827
1430 -0.43672895 0.00119419
1431 -0.43150506 0.00125206
1432 -0.43747977 0.00118680
1433 -0.43896933 0.00116288
1434 -0.43569820 0.00114458
1435 -0.43468560 0.00129140
1436 -0.43751721 0.00122551
1437 -0.43701930 0.00124937
1438 -0.43496976 0.00123973
1439 -0.43583971 0.00123132
1440 -0.43266530 0.00123331
1441 -0.43722966 0.00121756
1442 -0.43476425 0.00138106
1443 -0.43668210 0.00124263
1444 -0.43442997 0.00127921
1445 -0.43522420 0.00123287
1446 -0.43275441 0.00132039
1447 -0.43239798 0.00131870
1448 -0.42946525 0.00156036
1449 -0.42914059 0.00140922
1450 -0.43668605 0.00127104
1451 -0.43510168 0.00131121
1452 -0.44148126 0.00116785
1453 -0.44119390 0.00119643
1454 -0.44209103 0.00111373
1455 -0.43748392 0.00120468
1456 -0.44136552 0.00123001
1457 -0.43926763 0.00132633
1458 -0.44144685 0.00127464
1459 -0.44128349 0.00121381
1460 -0.44090205 0.00131290
1461 -0.44197057 0.00119799
1462 -0.44426129 0.00111974
1463 -0.44313461 0.00131976
1464 -0.44390227 0.00124184
1465 -0.44271274 0.00119441
1466 -0.44246619 0.00130358
1467 -0.43948384 0.00145711
1468 -0.44107145 0.00129608
1469 -0.44139053 0.00135187
1470 -0.43981115 0.00139649
1471 -0.44327240 0.00118041
1472 -0.44356049 0.00116080
1473 -0.44208949 0.00125682
1474 -0.44416532 0.00118126
1475 -0.44513429 0.00106734
1476 -0.44419142 0.00113466
1477 -0.44218484 0.00128291
1478 -0.44432696 0.00109880
1479 -0.44046943 0.00108861
1480 -0.44070199 0.00112881
1481 -0.44114048 0.00114231
1482 -0.44374218 0.00109181
1483 -0.44153669 0.00113201
1484 -0.44185646 0.00122457
1485 -0.44020139 0.00109472
1486 -0.43751928 0.00118275
1487 -0.43855733 0.00120896
1488 -0.44437886 0.00122838
1489 -0.44264555 0.00104799
1490 -0.44091028 0.00117975
1491 -0.44245810 0.00114958
1492 -0.44138809 0.00112267
1493 -0.44410182 0.00109006
1494 -0.44148725 0.00112997
1495 -0.44505159 0.00105165
1496 -0.44262028 0.00105103
1497 -0.44122594 0.00104577
1498 -0.44239242 0.00108415
1499 -0.44347439 0.00111688
1500 -0.44349406 0.00113990
1501 -0.44149162 0.00113722
1502 -0.44458709 0.00113075
1503 -0.44479139 0.00102520
1504 -0.44433274 0.00111098
1505 -0.44242191 0.00114370
1506 -0.44395343 0.00107726
1507 -0.44255318 0.00106000
1508 -0.44245447 0.00109275
1509 -0.44080633 0.00122158
1510 -0.44172487 0.00099227
1511 -0.43905747 0.00097290
1512 -0.44204598 0.00103996
1513 -0.44203828 0.00116572
1514 -0.44182265 0.00101896
1515 -0.44325800 0.00106553
1516 -0.43965766 0.00098759
1517 -0.43752796 0.00100863
1518 -0.43631697 0.00109262
1519 -0.44052859 0.00103490
1520 -0.43915356 0.00099609
1521 -0.43749503 0.00116682
1522 -0.43944578 0.00107547
1523 -0.43941572 0.00123399
1524 -0.43711238 0.00108373
1525 -0.43843701 0.00104006
1526 -0.43266740 0.00109997
1527 -0.43748330 0.00100526
1528 -0.43636708 0.00105466
1529 -0.44012153 0.00100504
1530 -0.44031927 0.00098685
1531 -0.44009178 0.00101914
1532 -0.44078964 0.00111191
1533 -0.43988028 0.00099046
1534 -0.43793760 0.00102345
1535 -0.43877206 0.00106081
1536 -0.44108567 0.00102872
1537 -0.44059231 0.00107245
1538 -0.44437829 0.00092383
1539 -0.44238095 0.00105895
1540 -0.44228481 0.00109749
1541 -0.44171394 0.00105322
1542 -0.44287193 0.00101753
1543 -0.43925898 0.00116541
1544 -0.43850418 0.00114144
1545 -0.43913836 0.00111176
1546 -0.43780884 0.00110477
1547 -0.43707127 0.00118181
1548 -0.43316272 0.00128335
1549 -0.43525496 0.00109725
1550 -0.43416883 0.00111911
1551 -0.43380648 0.00102829
1552 -0.43628466 0.00096863
1553 -0.43669633 0.00101910
1554 -0.43639808 0.00111028
1555 -0.43741450 0.00111620
1556 -0.43386240 0.00098928
1557 -0.43779622 0.00104573
1558 -0.43956873 0.00102952
1559 -0.43853882 0.00105264
1560 -0.43850047 0.00109676
1561 -0.44180052 0.00106774
1562 -0.44216468 0.00103315
1563 -0.44094423 0.00106429
1564 -0.44182554 0.00105589
1565 -0.44216485 0.00105288
1566 -0.44225272 0.00115383
1567 -0.44210033 0.00107322
1568 -0.44219046 0.00103496
1569 -0.43865229 0.00105775
1570 -0.43926880 0.00107020
1571 -0.43797892 0.00106141
1572 -0.44198792 0.00108561
1573 -0.43919134 0.00113939
1574 -0.44148594 0.00102354
1575 -0.44002208 0.00101180
1576 -0.43847085 0.00099786
1577 -0.44215385 0.00106829
1578 -0.44163140 0.00104850
1579 -0.43908633 0.00109063
1580 -0.43931549 0.00115128
1581 -0.44120835 0.00099994
1582 -0.44145900 0.00108703
1583 -0.44141786 0.00112403
1584 -0.44407278 0.00124706
1585 -0.44327401 0.00110545
1586 -0.44458030 0.00106260
1587 -0.44386414 0.00110306
1588 -0.44309667 0.00141493
1589 -0.44538606 0.00107846
1590 -0.44255739 0.00111592
1591 -0.44416209 0.00109067
1592 -0.44247774 0.00111495
1593 -0.44407952 0.00106275
1594 -0.44570322 0.00102281
1595 -0.44426780 0.00111795
1596 -0.44622588 0.00103810
1597 -0.44210544 0.00122334
1598 -0.44431905 0.00114758
1599 -0.44335475 0.00108025
1600 -0.44238749 0.00123912
1601 -0.44374873 0.00120532
1602 -0.44199579 0.00121279
1603 -0.43919572 0.00142683
1604 -0.43721124 0.00133249
1605 -0.43875788 0.00131868
1606 -0.43719284 0.00139453
1607 -0.43506584 0.00151578
1608 -0.43374857 0.00143376
1609 -0.43404219 0.00146667
1610 -0.43433322 0.00152144
1611 -0.43783992 0.00140236
1612 -0.43582426 0.00141683
1613 -0.43632952 0.00140892
1614 -0.44054672 0.00129484
1615 -0.43545552 0.00148702
1616 -0.44016705 0.00134050
1617 -0.43775310 0.00139193
1618 -0.43513012 0.00160774
1619 -0.44387526 0.00122427
1620 -0.44399992 0.00118334
1621 -0.44394746 0.00107592
1622 -0.44429913 0.00109691
1623 -0.44282605 0.00119505
1624 -0.44599019 0.00108207
1625 -0.44386302 0.00114207
1626 -0.44482277 0.00111213
1627 -0.44299853 0.00115833
1628 -0.44252918 0.00109583
1629 -0.44188181 0.00109317
1630 -0.44445693 0.00108674
1631 -0.44013876 0.00106964
1632 -0.44372518 0.00121101
1633 -0.44249823 0.00119668
1634 -0.44468067 0.00110221
1635 -0.44399266 0.00114051
1636 -0.44392625 0.00105917
1637 -0.44335106 0.00105743
1638 -0.44387338 0.00093553
1639 -0.44224789 0.00100148
1640 -0.44369204 0.00105474
1641 -0.44420057 0.00107210
1642 -0.44425882 0.00110412
1643 -0.44372606 0.00105176
1644 -0.44200545 0.00098484
1645 -0.44195269 0.00108338
1646 -0.44232096 0.00112503
1647 -0.44259324 0.00104863
1648 -0.44079164 0.00105142
1649 -0.44441768 0.00102455
1650 -0.44298398 0.00103506
1651 -0.44150461 0.00115508
1652 -0.43986919 0.00104490
1653 -0.44089728 0.00103803
1654 -0.44355826 0.00105546
1655 -0.44171135 0.00118173
1656 -0.44296379 0.00111404
1657 -0.44323245 0.00114892
1658 -0.44460524 0.00114247
1659 -0.44475582 0.00103445
1660 -0.44258734 0.00110951
1661 -0.44392558 0.00102915
1662 -0.44372839 0.00105745
1663 -0.44566118 0.00104335
1664 -0.44275178 0.00110774
1665 -0.44456021 0.00105978
1666 -0.44473278 0.00107775
1667 -0.44667013 0.00112357
1668 -0.44416863 0.00105898
1669 -0.44609024 0.00103282
1670 -0.44545250 0.00105415
1671 -0.44267199 0.00106815
1672 -0.44094270 0.00109321
1673 -0.44235554 0.00116123
1674 -0.44317916 0.00123514
1675 -0.44467539 0.00111633
1676 -0.44460701 0.00110217
1677 -0.44424642 0.00118725
1678 -0.44438999 0.00111094
1679 -0.44240953 0.00110952
1680 -0.44466162 0.00113649
1681 -0.44516769 0.00110819
1682 -0.44353910 0.00110943
1683 -0.43902169 0.00110859
1684 -0.43781368 0.00113958
1685 -0.43676024 0.00114462
1686 -0.43916177 0.00105857
1687 -0.43889245 0.00106773
1688 -0.44154646 0.00107540
1689 -0.43614276 0.00111407
1690 -0.44105152 0.00104680
1691 -0.43722120 0.00113984
1692 -0.43306591 0.00126541
1693 -0.43772385 0.00109058
1694 -0.44026467 0.00108647
1695 -0.43479823 0.00124005
1696 -0.43718828 0.00109337
1697 -0.43431471 0.00111224
1698 -0.43445042 0.00114594
1699 -0.43849447 0.00114306
1700 -0.43817733 0.00103141
1701 -0.44095442 0.00108683
1702 -0.44372518 0.00096496
1703 -0.44301905 0.00108699
1704 -0.44075834 0.00108550
1705 -0.44331640 0.00103527
1706 -0.44464644 0.00105539
1707 -0.44212373 0.00109132
1708 -0.44474786 0.00113031
1709 -0.44247986 0.00109203
1710 -0.44125750 0.00123201
1711 -0.44377338 0.00118651
1712 -0.44440988 0.00111349
1713 -0.44354290 0.00112813
1714 -0.44234860 0.00120218
1715 -0.44053743 0.00124562
1716 -0.44392968 0.00124970
1717 -0.44355291 0.00127347
1718 -0.44302404 0.00108917
1719 -0.44008913 0.00120023
1720 -0.44035539 0.00113987
1721 -0.43710667 0.00121279
1722 -0.43918044 0.00121225
1723 -0.43971380 0.00121920
1724 -0.43824551 0.00121605
1725 -0.43844816 0.00121893
1726 -0.43709669 0.00109385
1727 -0.43816832 0.00114885
1728 -0.43729703 0.00118126
1729 -0.43545846 0.00121430
1730 -0.43983551 0.00119490
1731 -0.44233262 0.00109475
1732 -0.43748815 0.00116861
1733 -0.44048317 0.00114730
1734 -0.44378358 0.00105178
1735 -0.44304236 0.00105558
1736 -0.44690304 0.00109926
1737 -0.44117320 0.00139349
1738 -0.44264291 0.00111679
1739 -0.44153901 0.00136692
1740 -0.44304109 0.00121090
1741 -0.44328858 0.00108512
1742 -0.44540305 0.00105773
1743 -0.44400918 0.00105967
1744 -0.44244447 0.00112102
1745 -0.44509942 0.00109193
1746 -0.44381690 0.00101018
1747 -0.44527106 0.00107739
1748 -0.44426526 0.00103369
1749 -0.44287206 0.00107923
1750 -0.44306112 0.00112425
1751 -0.44283902 0.00110253
1752 -0.44303030 0.00104820
1753 -0.44071260 0.00113698
1754 -0.44105361 0.00119038
1755 -0.43767569 0.00111858
1756 -0.44271363 0.00104693
1757 -0.44132571 0.00107439
1758 -0.44138303 0.00095410
1759 -0.43896551 0.00105507
1760 -0.44394228 0.00104566
1761 -0.44313679 0.00108269
1762 -0.44293914 0.00108930
1763 -0.44360819 0.00113909
1764 -0.44312438 0.00102073
1765 -0.44514337 0.00102523
1766 -0.44149601 0.00106507
1767 -0.44242411 0.00099150
1768 -0.44313216 0.00101049
1769 -0.44405272 0.00111578
1770 -0.44360433 0.00124814
1771 -0.44379987 0.00107718
1772 -0.44585532 0.00104923
1773 -0.44332446 0.00116461
1774 -0.44462274 0.00107259
1775 -0.44208345 0.00115730
1776 -0.44570831 0.00101657
1777 -0.44443208 0.00105835
1778 -0.44473363 0.00104452
1779 -0.44224284 0.00103503
1780 -0.44063257 0.00106544
1781 -0.44248667 0.00109630
1782 -0.43478289 0.00114710
1783 -0.44148056 0.00106366
1784 -0.43943417 0.00113063
1785 -0.44167361 0.00108612
1786 -0.44243301 0.00104326
1787 -0.43776810 0.00112961
1788 -0.44384134 0.00108954
1789 -0.44302988 0.00105698
1790 -0.44075748 0.00113712
1791 -0.44105368 0.00104958
1792 -0.44115440 0.00109972
1793 -0.43537702 0.00122196
1794 -0.43626999 0.00114732
1795 -0.43744662 0.00112098
1796 -0.43270689 0.00119276
1797 -0.43316069 0.00114892
1798 -0.43277093 0.00121330
1799 -0.42635340 0.00131464
1800 -0.43119481 0.00124681
1801 -0.43228637 0.00123270
1802 -0.43574915 0.00114540
1803 -0.43869514 0.00110875
1804 -0.43861861 0.00116557
1805 -0.44218823 0.00098717
1806 -0.44149801 0.00104125
1807 -0.43963546 0.00106576
1808 -0.43900605 0.00100190
1809 -0.43813672 0.00103573
1810 -0.43619371 0.00099367
1811 -0.44277452 0.00109929
1812 -0.44022550 0.00100589
1813 -0.44048773 0.00097681
1814 -0.43927722 0.00101112
1815 -0.44098381 0.00100719
1816 -0.43630656 0.00105841
1817 -0.43893608 0.00100917
1818 -0.43726746 0.00109363
1819 -0.43792538 0.00098618
1820 -0.43396036 0.00103415
1821 -0.43450317 0.00098897
1822 -0.43786563 0.00101307
1823 -0.43663943 0.00095920
1824 -0.43784235 0.00104076
1825 -0.43531367 0.00101574
1826 -0.43821233 0.00098786
1827 -0.43896067 0.00104616
1828 -0.43956186 0.00101161
1829 -0.44082158 0.00096611
1830 -0.44040673 0.00112331
1831 -0.43906770 0.00104042
1832 -0.43771043 0.00105589
1833 -0.43895136 0.00102212
1834 -0.43678657 0.00098208
1835 -0.43889366 0.00102684
1836 -0.44031687 0.00100035
1837 -0.44108821 0.00102351
1838 -0.43828105 0.00111116
1839 -0.43480287 0.00103364
1840 -0.43694339 0.00104285
1841 -0.44057926 0.00103925
1842 -0.44195938 0.00103467
1843 -0.43950465 0.00101468
1844 -0.44005036 0.00101815
1845 -0.44253331 0.00112168
1846 -0.44199645 0.00100317
1847 -0.44082495 0.00105051
1848 -0.44459075 0.00101892
1849 -0.44067216 0.00106777
1850 -0.43963118 0.00105325
1851 -0.43988903 0.00100419
1852 -0.43932530 0.00102831
1853 -0.44153212 0.00101438
1854 -0.44084477 0.00106608
1855 -0.43851517 0.00105834
1856 -0.43674341 0.00103462
1857 -0.43656149 0.00104541
1858 -0.43707229 0.00112327
1859 -0.44059206 0.00104451
1860 -0.43746071 0.00098004
1861 -0.43816374 0.00106401
1862 -0.43787567 0.00110436
1863 -0.44152444 0.00109638
1864 -0.44113987 0.00108188
1865 -0.43852875 0.00114414
1866 -0.43676523 0.00119296
1867 -0.44440917 0.00103014
1868 -0.44168991 0.00107703
1869 -0.44545144 0.00100772
1870 -0.44452905 0.00101023
1871 -0.44070256 0.00107339
1872 -0.44262818 0.00105118
1873 -0.44267820 0.00101631
1874 -0.44446911 0.00104774
1875 -0.44459460 0.00113116
1876 -0.44477749 0.00112879
1877 -0.44249434 0.00111880
1878 -0.44510540 0.00101151
1879 -0.44549618 0.00103560
1880 -0.44464812 0.00101530
1881 -0.44243867 0.00119927
1882 -0.44510162 0.00112944
1883 -0.44369847 0.00116962
1884 -0.44386930 0.00110537
1885 -0.44580969 0.00122474
1886 -0.44408433 0.00111059
1887 -0.44232993 0.00113399
1888 -0.44315001 0.00121788
1889 -0.44251858 0.00129389
1890 -0.44321278 0.00118050
1891 -0.44200306 0.00126007
1892 -0.43960488 0.00123965
1893 -0.43838891 0.00130792
1894 -0.44131421 0.00115296
1895 -0.44295841 0.00120251
1896 -0.44073089 0.00115265
1897 -0.44071564 0.00125186
1898 -0.43872919 0.00128771
1899 -0.44126868 0.00129210
1900 -0.44027722 0.00135343
1901 -0.44061270 0.00127109
1902 -0.44385323 0.00110684
1903 -0.43892610 0.00131829
1904 -0.44374620 0.00114206
1905 -0.44032484 0.00121761
1906 -0.44274574 0.00111147
1907 -0.44603473 0.00106028
1908 -0.44299770 0.00110262
1909 -0.44352399 0.00115461
1910 -0.44493350 0.00108227
1911 -0.44444769 0.00106855
1912 -0.44570739 0.00115070
1913 -0.44367363 0.00131625
1914 -0.44466475 0.00116342
1915 -0.44455648 0.00114974
1916 -0.44375360 0.00116403
1917 -0.44356857 0.00118366
1918 -0.44346704 0.00104275
1919 -0.44373515 0.00124855
1920 -0.44561821 0.00107508
1921 -0.44211984 0.00118811
1922 -0.44394052 0.00119911
1923 -0.44311328 0.00123383
1924 -0.44381803 0.00117432
1925 -0.44271494 0.00117178
1926 -0.44119958 0.00125974
1927 -0.43804859 0.00134775
1928 -0.43528555 0.00143002
1929 -0.43364049 0.00162587
1930 -0.43263343 0.00148322
1931 -0.43865918 0.00148299
1932 -0.43965564 0.00128490
1933 -0.44017269 0.00126810
1934 -0.43781011 0.00121410
1935 -0.43801787 0.00129985
1936 -0.43610431 0.00142438
1937 -0.43975752 0.00128735
1938 -0.44124748 0.00127064
1939 -0.43767924 0.00131131
1940 -0.43804817 0.00149591
1941 -0.44161833 0.00128001
1942 -0.44384425 0.00123551
1943 -0.43672666 0.00144877
1944 -0.43979703 0.00133636
1945 -0.44208063 0.00131003
1946 -0.43907774 0.00143439
1947 -0.43568617 0.00152518
1948 -0.44096272 0.00139581
1949 -0.43322816 0.00162628
1950 -0.43070420 0.00183535
1951 -0.43943093 0.00132126
1952 -0.44012290 0.00139362
1953 -0.43920197 0.00146848
1954 -0.44215059 0.00122510
1955 -0.44045458 0.00138400
1956 -0.44075174 0.00132431
1957 -0.44170432 0.00127633
1958 -0.43957345 0.00132991
1959 -0.44073959 0.00130759
1960 -0.43600621 0.00153528
1961 -0.43725271 0.00139471
1962 -0.43990689 0.00137998
1963 -0.43538384 0.00151710
1964 -0.43782105 0.00158422
1965 -0.43482448 0.00146545
1966 -0.43233371 0.00155746
1967 -0.43849080 0.00135570
1968 -0.43478529 0.00146253
1969 -0.43682059 0.00154407
1970 -0.43122295 0.00165728
1971 -0.43679264 0.00146333
1972 -0.44019115 0.00133350
1973 -0.44109557 0.00128478
1974 -0.43707987 0.00148325
1975 -0.44305319 0.00120634
1976 -0.44307832 0.00122462
1977 -0.44401020 0.00121613
1978 -0.44434579 0.00113921
1979 -0.44538266 0.00111045
1980 -0.44522790 0.00112125
1981 -0.44455087 0.00114153
1982 -0.44315680 0.00107087
1983 -0.44434205 0.00117628
1984 -0.44137101 0.00128551
1985 -0.44412372 0.00112150
1986 -0.44045906 0.00127158
1987 -0.43942269 0.00125789
1988 -0.44337108 0.00112124
1989 -0.44470859 0.00113966
1990 -0.44210491 0.00107279
1991 -0.44279940 0.00111372
1992 -0.44342728 0.00106384
1993 -0.44204955 0.00104596
1994 -0.44042385 0.00111776
1995 -0.44244598 0.00099872
1996 -0.43927463 0.00117686
1997 -0.44216028 0.00112226
1998 -0.44120665 0.00106904
1999 -0.44436578 0.00110378
2000 -0.44542484 0.00110577
2001 -0.44573890 0.00107655
2002 -0.44351580 0.00115074
2003 -0.44581634 0.00101757
2004 -0.44381430 0.00106940
2005 -0.44374653 0.00108057
2006 -0.44270859 0.00122101
2007 -0.44185932 0.00116943
2008 -0.44397162 0.00110812
2009 -0.44390748 0.00114158
2010 -0.44289221 0.00107902
2011 -0.44313507 0.00110260
2012 -0.44049049 0.00124993
2013 -0.43799654 0.00127960
2014 -0.43685899 0.00132877
2015 -0.44165405 0.00110813
2016 -0.43814618 0.00128187
2017 -0.43459944 0.00144173
2018 -0.43792752 0.00114400
2019 -0.43516807 0.00139388
2020 -0.43998895 0.00119695
2021 -0.43693307 0.00133162
2022 -0.43239266 0.00135913
2023 -0.44047432 0.00116352
2024 -0.44220542 0.00097914
2025 -0.44386672 0.00095547
2026 -0.43709958 0.00107962
2027 -0.44158652 0.00106332
2028 -0.44362180 0.00096963
2029 -0.44115642 0.00107027
2030 -0.44322467 0.00105813
2031 -0.44342348 0.00101072
2032 -0.44301627 0.00112030
2033 -0.44253351 0.00110833
2034 -0.44201568 0.00116097
2035 -0.44080376 0.00128859
2036 -0.43757758 0.00127401
2037 -0.43793267 0.00130886
2038 -0.43808961 0.00133443
2039 -0.43692074 0.00148777
2040 -0.43368733 0.00149620
2041 -0.43660510 0.00136106
2042 -0.43645366 0.00150014
2043 -0.43846770 0.00132497
2044 -0.43954062 0.00117645
2045 -0.43924127 0.00109487
2046 -0.43852548 0.00124395
2047 -0.43885736 0.00137411
2048 -0.43565431 0.00128876
2049 -0.43976989 0.00126748
2050 -0.43569569 0.00133814
2051 -0.44076081 0.00111473
2052 -0.44033752 0.00123602
2053 -0.43718664 0.00129813
2054 -0.43306305 0.00143575
2055 -0.43355186 0.00129021
2056 -0.44236481 0.00111200
2057 -0.43893365 0.00128270
2058 -0.43938593 0.00118600
2059 -0.43823377 0.00116570
2060 -0.44014937 0.00105745
2061 -0.43981099 0.00116972
2062 -0.44035990 0.00110678
2063 -0.43940654 0.00118961
2064 -0.43765395 0.00112033
2065 -0.44008725 0.00107292
2066 -0.44082033 0.00120852
2067 -0.44061933 0.00125832
2068 -0.44150190 0.00115732
2069 -0.44001002 0.00126131
2070 -0.43954843 0.00130405
2071 -0.43665875 0.00134495
2072 -0.44229195 0.00119471
2073 -0.43772670 0.00140208
2074 -0.44143245 0.00124392
2075 -0.43737580 0.00131622
2076 -0.43884431 0.00141827
2077 -0.44115428 0.00129850
2078 -0.43887003 0.00122532
2079 -0.44011091 0.00115166
2080 -0.43907074 0.00115906
2081 -0.43949763 0.00122555
2082 -0.43980160 0.00114253
2083 -0.44195953 0.00105014
2084 -0.43975684 0.00123876
2085 -0.44306391 0.00114252
2086 -0.44049651 0.00125347
2087 -0.44192621 0.00116570
2088 -0.44242989 0.00124722
2089 -0.44221898 0.00121348
2090 -0.44241882 0.00126738
2091 -0.44220165 0.00114470
2092 -0.44500121 0.00112280
2093 -0.44390069 0.00114363
2094 -0.44410570 0.00110861
2095 -0.43930610 0.00124107
2096 -0.44240455 0.00106436
2097 -0.44292361 0.00110755
2098 -0.44204015 0.00123260
2099 -0.43982944 0.00124989
2100 -0.44100144 0.00117486
2101 -0.43928384 0.00114070
2102 -0.43988740 0.00121654
2103 -0.43817966 0.00133121
2104 -0.43832449 0.00123864
2105 -0.43746891 0.00146740
2106 -0.43892483 0.00136428
2107 -0.43923420 0.00136189
2108 -0.43907533 0.00142363
2109 -0.43735744 0.00144808
2110 -0.43645658 0.00151584
2111 -0.43438800 0.00155202
2112 -0.43852931 0.00136858
2113 -0.43979911 0.00130421
2114 -0.43443432 0.00163171
2115 -0.44081157 0.00132909
2116 -0.43995063 0.00129414
2117 -0.43666848 0.00137636
2118 -0.43879585 0.00149109
2119 -0.43931064 0.00135888
2120 -0.43896175 0.00143577
2121 -0.44056581 0.00127639
2122 -0.44004995 0.00141402
2123 -0.44081247 0.00134331
2124 -0.44055667 0.00130122
2125 -0.44232544 0.00126338
2126 -0.43695103 0.00149563
2127 -0.44128401 0.00128159
2128 -0.44434657 0.00125105
2129 -0.44249597 0.00119189
2130 -0.44366167 0.00122516
2131 -0.44028417 0.00136937
2132 -0.44248529 0.00127056
2133 -0.44136568 0.00124591
2134 -0.44406667 0.00132070
2135 -0.44438890 0.00114189
2136 -0.44387101 0.00115718
2137 -0.44276763 0.00109935
2138 -0.44215130 0.00115275
2139 -0.44419563 0.00113690
2140 -0.44057780 0.00112068
2141 -0.44177947 0.00111254
2142 -0.44200167 0.00114290
2143 -0.43984516 0.00112942
2144 -0.44034758 0.00114364
2145 -0.44103799 0.00109747
2146 -0.43556584 0.00121196
2147 -0.44043660 0.00119451
2148 -0.44343857 0.00109472
2149 -0.44522227 0.00106562
2150 -0.44481330 0.00107608
2151 -0.44383989 0.00107150
2152 -0.44427321 0.00103119
2153 -0.44149158 0.00115450
2154 -0.44517560 0.00105817
2155 -0.44212245 0.00114885
2156 -0.44413585 0.00100947
2157 -0.44380418 0.00102467
2158 -0.44359403 0.00109860
2159 -0.44579833 0.00104139
2160 -0.44501206 0.00103999
2161 -0.44292018 0.00103349
2162 -0.44451078 0.00110678
2163 -0.44446515 0.00101494
2164 -0.44353696 0.00105924
2165 -0.44451648 0.00109311
2166 -0.44528028 0.00102721
2167 -0.44306790 0.00114035
2168 -0.43983405 0.00115957
2169 -0.44086691 0.00109831
2170 -0.44528374 0.00102544
2171 -0.44047579 0.00108023
2172 -0.43828435 0.00111671
2173 -0.43807962 0.00119185
2174 -0.43609398 0.00116221
2175 -0.44375464 0.00105102
2176 -0.44353309 0.00118209
2177 -0.44237378 0.00113838
2178 -0.44347516 0.00117324
2179 -0.43978991 0.00112911
2180 -0.43876548 0.00110248
2181 -0.43123642 0.00120459
2182 -0.43539652 0.00119002
2183 -0.42733121 0.00121752
2184 -0.42993439 0.00127212
2185 -0.42700930 0.00128328
2186 -0.43717255 0.00116330
2187 -0.43382229 0.00114293
2188 -0.43436437 0.00126469
2189 -0.43021132 0.00119147
2190 -0.43206952 0.00127741
2191 -0.42816791 0.00131490
2192 -0.43521192 0.00115971
2193 -0.43922553 0.00123512
2194 -0.44133690 0.00111372
2195 -0.44409428 0.00105434
2196 -0.44045731 0.00120780
2197 -0.44013786 0.00108527
2198 -0.43858123 0.00108863
2199 -0.44334281 0.00111424
2200 -0.43952717 0.00111202
2201 -0.44146892 0.00108566
2202 -0.44445853 0.00103132
2203 -0.44084743 0.00109735
2204 -0.44472027 0.00107511
2205 -0.44361730 0.00110175
2206 -0.44496369 0.00108738
2207 -0.44573334 0.00116737
2208 -0.44500891 0.00108020
2209 -0.44252049 0.00109935
2210 -0.44665657 0.00108788
2211 -0.44439183 0.00116217
2212 -0.44602721 0.00111109
2213 -0.44369316 0.00111196
2214 -0.44517396 0.00111199
2215 -0.44393656 0.00113494
2216 -0.44381902 0.00129973
2217 -0.44250819 0.00118075
2218 -0.44188596 0.00131405
2219 -0.44407693 0.00121367
2220 -0.44110409 0.00125052
2221 -0.44193318 0.00130722
2222 -0.44110546 0.00131750
2223 -0.43838974 0.00144949
2224 -0.44063315 0.00127009
2225 -0.44122151 0.00128233
2226 -0.43900573 0.00136285
2227 -0.44114536 0.00141296
2228 -0.43705755 0.00148166
2229 -0.44173429 0.00127471
2230 -0.44069467 0.00132645
2231 -0.44096479 0.00133063
2232 -0.43811356 0.00152355
2233 -0.43719691 0.00143833
2234 -0.44088923 0.00127198
2235 -0.44038504 0.00126109
2236 -0.44006188 0.00133822
2237 -0.43645404 0.00149782
2238 -0.43342515 0.00153843
2239 -0.43902776 0.00143679
2240 -0.43777207 0.00146512
2241 -0.43647648 0.00148062
2242 -0.43412814 0.00163616
2243 -0.42938590 0.00177436
2244 -0.42809243 0.00177115
2245 -0.43868499 0.00132616
2246 -0.43918195 0.00143427
2247 -0.44278287 0.00117247
2248 -0.44318810 0.00116735
2249 -0.44368678 0.00120348
2250 -0.44311634 0.00126247
2251 -0.44177092 0.00148405
2252 -0.44084874 0.00132085
2253 -0.43904941 0.00139731
2254 -0.43538306 0.00147057
2255 -0.43259007 0.00172629
2256 -0.43405487 0.00146608
2257 -0.43374578 0.00143414
2258 -0.43924225 0.00136523
2259 -0.43380958 0.00157911
2260 -0.43526466 0.00141636
2261 -0.43780830 0.00151097
2262 -0.43651848 0.00153612
2263 -0.43119558 0.00167206
2264 -0.43177537 0.00163050
2265 -0.43471733 0.00147067
2266 -0.43118403 0.00159946
2267 -0.43284764 0.00156538
2268 -0.43121346 0.00167560
2269 -0.42956605 0.00177440
2270 -0.42867660 0.00167294
2271 -0.42591621 0.00176621
2272 -0.43189671 0.00167723
2273 -0.42942218 0.00181667
2274 -0.43710570 0.00148333
2275 -0.43156417 0.00170312
2276 -0.43377637 0.00157404
2277 -0.43637836 0.00143258
2278 -0.43485844 0.00162028
2279 -0.43469124 0.00157411
2280 -0.43048848 0.00176801
2281 -0.43221556 0.00162494
2282 -0.43103779 0.00168658
2283 -0.43609267 0.00152386
2284 -0.43650284 0.00150267
2285 -0.43895319 0.00141608
2286 -0.44042507 0.00132449
2287 -0.44215583 0.00126979
2288 -0.43870238 0.00140337
2289 -0.44011430 0.00135467
2290 -0.44577315 0.00108252
2291 -0.44292848 0.00112625
2292 -0.44290164 0.00114773
2293 -0.44343587 0.00120758
2294 -0.44034211 0.00122585
2295 -0.44322419 0.00118840
2296 -0.44253974 0.00122535
2297 -0.44183904 0.00129677
2298 -0.44136572 0.00145085
2299 -0.44362666 0.00119367
2300 -0.44323071 0.00110056
2301 -0.44230939 0.00113384
2302 -0.44305453 0.00119172
2303 -0.44337118 0.00115955
2304 -0.44445471 0.00112856
2305 -0.43967835 0.00131582
2306 -0.44413036 0.00115141
2307 -0.44424160 0.00138713
2308 -0.44440632 0.00116215
2309 -0.44598594 0.00107501
2310 -0.44310171 0.00110419
2311 -0.44250004 0.00107309
2312 -0.44459824 0.00114649
2313 -0.44237878 0.00115989
2314 -0.44342980 0.00114440
2315 -0.44253773 0.00140863
2316 -0.44139643 0.00103773
2317 -0.44146825 0.00115794
2318 -0.44477242 0.00108648
2319 -0.44440953 0.00115318
2320 -0.44548646 0.00110208
2321 -0.44386208 0.00110415
2322 -0.44529377 0.00112609
2323 -0.44366864 0.00114521
2324 -0.44273564 0.00121844
2325 -0.44125744 0.00123764
2326 -0.44242312 0.00121741
2327 -0.44218702 0.00113078
2328 -0.44134570 0.00110029
2329 -0.44313355 0.00115238
2330 -0.44174846 0.00111528
2331 -0.44111171 0.00115124
2332 -0.44235627 0.00107117
2333 -0.44074082 0.00125486
2334 -0.44165830 0.00127418
2335 -0.43956592 0.00126239
2336 -0.44163793 0.00129460
2337 -0.43962278 0.00122126
2338 -0.43725613 0.00142737
2339 -0.44143496 0.00123927
2340 -0.43615957 0.00126177
2341 -0.43380493 0.00134078
2342 -0.43614705 0.00125306
2343 -0.43426131 0.00131704
2344 -0.43606283 0.00134091
2345 -0.43692562 0.00140564
2346 -0.44154239 0.00112293
2347 -0.43974299 0.00124125
2348 -0.43926144 0.00119668
2349 -0.44117869 0.00127485
2350 -0.43907300 0.00123829
2351 -0.44391192 0.00124232
2352 -0.43954498 0.00137029
2353 -0.44306317 0.00118746
2354 -0.44131326 0.00127260
2355 -0.43851999 0.00143032
2356 -0.44264717 0.00123962
2357 -0.44256574 0.00120941
2358 -0.43797293 0.00147568
2359 -0.44171154 0.00120690
2360 -0.43881650 0.00139314
2361 -0.43866952 0.00144991
2362 -0.44223438 0.00136588
2363 -0.43804618 0.00148563
2364 -0.44017533 0.00131794
2365 -0.43566690 0.00147459
2366 -0.44330123 0.00115980
2367 -0.43808977 0.00146961
2368 -0.43971157 0.00136547
2369 -0.43934785 0.00128990
2370 -0.44040536 0.00140920
2371 -0.44168420 0.00123782
2372 -0.44081782 0.00127812
2373 -0.44181974 0.00135002
2374 -0.43686121 0.00142623
2375 -0.43369121 0.00150665
2376 -0.43477225 0.00149899
2377 -0.43080903 0.00154420
2378 -0.42783776 0.00162669
2379 -0.42601467 0.00166080
2380 -0.42928739 0.00150904
2381 -0.43484771 0.00127435
2382 -0.43087061 0.00148145
2383 -0.43358674 0.00140938
2384 -0.43661992 0.00134498
2385 -0.43662308 0.00145696
2386 -0.43482469 0.00136995
2387 -0.43498991 0.00145728
2388 -0.43819827 0.00134092
2389 -0.44010012 0.00119348
2390 -0.44034625 0.00109459
2391 -0.44075728 0.00123086
2392 -0.44273719 0.00119280
2393 -0.44237216 0.00110336
2394 -0.44188311 0.00125013
2395 -0.44221404 0.00112840
2396 -0.44183575 0.00134915
2397 -0.44046276 0.00112563
2398 -0.44057748 0.00121841
2399 -0.44211162 0.00116139
2400 -0.44207595 0.00123631
2401 -0.43960318 0.00117548
2402 -0.43964069 0.00117346
2403 -0.43558964 0.00125350
2404 -0.44347006 0.00123763
2405 -0.44071586 0.00126365
2406 -0.44141509 0.00125146
2407 -0.44037484 0.00123987
2408 -0.43730330 0.00136873
2409 -0.43644976 0.00141724
2410 -0.43551362 0.00121496
2411 -0.43740167 0.00127065
2412 -0.43547623 0.00145158
2413 -0.43681456 0.00130955
2414 -0.43585778 0.00147366
2415 -0.43270558 0.00148666
2416 -0.42650772 0.00168082
2417 -0.43028946 0.00161574
2418 -0.43235792 0.00158999
2419 -0.43050668 0.00163564
2420 -0.42707151 0.00162799
2421 -0.42938733 0.00166885
2422 -0.42542138 0.00169140
2423 -0.43815314 0.00147788
2424 -0.43756319 0.00136053
2425 -0.43923246 0.00124634
2426 -0.43655749 0.00128343
2427 -0.43819320 0.00139030
2428 -0.43782828 0.00140063
2429 -0.43505029 0.00159620
2430 -0.43674391 0.00149220
2431 -0.43539999 0.00146932
2432 -0.43546075 0.00150638
2433 -0.43723388 0.00135256
2434 -0.43705541 0.00150595
2435 -0.43566044 0.00158755
2436 -0.43917785 0.00138582
2437 -0.43586374 0.00146971
2438 -0.43858368 0.00138107
2439 -0.44058886 0.00134313
2440 -0.43995904 0.00131766
2441 -0.44175997 0.00127647
2442 -0.44367450 0.00121132
2443 -0.44602442 0.00105736
2444 -0.44043956 0.00144002
2445 -0.44076337 0.00133859
2446 -0.44130856 0.00133545
2447 -0.44282751 0.00125137
2448 -0.44475215 0.00111040
2449 -0.44273498 0.00115400
2450 -0.44423702 0.00120159
2451 -0.44473993 0.00107448
2452 -0.44453457 0.00116410
2453 -0.44623870 0.00104381
2454 -0.44375644 0.00111862
2455 -0.44391716 0.00111438
2456 -0.44317522 0.00117781
2457 -0.44402608 0.00101033
2458 -0.44459908 0.00105193
2459 -0.44293177 0.00123276
2460 -0.44479530 0.00105949
2461 -0.44206545 0.00126066
2462 -0.44201972 0.00107633
2463 -0.44239322 0.00106737
2464 -0.44256302 0.00113241
2465 -0.44371959 0.00102373
2466 -0.44252459 0.00107983
2467 -0.44373929 0.00104272
2468 -0.44078200 0.00117018
2469 -0.44420689 0.00103953
2470 -0.44171433 0.00108350
2471 -0.43740586 0.00122614
2472 -0.44102681 0.00106788
2473 -0.44241000 0.00104140
2474 -0.43655876 0.00116183
2475 -0.44011514 0.00108380
2476 -0.43785727 0.00104684
2477 -0.44428773 0.00103564
2478 -0.44186608 0.00124832
2479 -0.44227063 0.00114020
2480 -0.44482105 0.00104902
2481 -0.44209207 0.00112517
2482 -0.44365243 0.00101815
2483 -0.44220472 0.00108363
2484 -0.44121690 0.00109245
2485 -0.44109329 0.00100855
2486 -0.44034025 0.00099745
2487 -0.44063715 0.00103496
2488 -0.43981648 0.00107801
2489 -0.44025859 0.00104355
2490 -0.43637937 0.00100147
2491 -0.44081202 0.00120913
2492 -0.44301703 0.00110886
2493 -0.44347028 0.00108026
2494 -0.44055350 0.00108940
2495 -0.44295314 0.00108034
2496 -0.44219022 0.00106687
2497 -0.43898862 0.00099882
2498 -0.43964688 0.00098999
2499 -0.43954365 0.00105122
2500 -0.43991540 0.00104896
2501 -0.44087828 0.00101611
2502 -0.43755351 0.00111292
2503 -0.43861150 0.00108289
2504 -0.43872372 0.00108113
2505 -0.44237093 0.00101090
2506 -0.43870888 0.00100129
2507 -0.43985928 0.00100954
2508 -0.44101476 0.00114165
2509 -0.44256367 0.00104055
2510 -0.44170073 0.00097970
2511 -0.44041556 0.00100909
2512 -0.43954759 0.00130865
2513 -0.44449849 0.00110295
2514 -0.44052135 0.00112643
2515 -0.43946438 0.00111671
2516 -0.44014966 0.00104004
2517 -0.44445175 0.00108324
2518 -0.44388345 0.00109439
2519 -0.44308389 0.00112151
2520 -0.44051834 0.00110560
2521 -0.44107377 0.00106302
2522 -0.44190486 0.00105742
2523 -0.44417981 0.00113275
2524 -0.44458484 0.00119716
2525 -0.44204728 0.00119645
2526 -0.44094552 0.00121174
2527 -0.44249860 0.00104789
2528 -0.44328452 0.00110552
2529 -0.44288155 0.00106518
2530 -0.44591899 0.00100612
2531 -0.44626899 0.00105344
2532 -0.44442035 0.00111274
2533 -0.44490635 0.00111093
2534 -0.44556331 0.00120260
2535 -0.44397049 0.00112846
2536 -0.44289618 0.00126034
2537 -0.44048031 0.00122388
2538 -0.43941657 0.00136744
2539 -0.44083619 0.00128379
2540 -0.43785166 0.00150684
2541 -0.43898783 0.00131155
2542 -0.43777900 0.00132528
2543 -0.43636343 0.00134602
2544 -0.43125998 0.00151997
2545 -0.43126204 0.00154989
2546 -0.43260356 0.00164756
2547 -0.42724328 0.00162994
2548 -0.43647402 0.00137918
2549 -0.43086624 0.00150258
2550 -0.43716043 0.00129117
2551 -0.43973975 0.00127368
2552 -0.43523280 0.00126557
2553 -0.44222938 0.00107473
2554 -0.44026274 0.00114858
2555 -0.43936051 0.00120991
2556 -0.44112716 0.00105709
2557 -0.44031448 0.00116565
2558 -0.44161627 0.00108789
2559 -0.44324550 0.00111798
2560 -0.44158631 0.00103743
2561 -0.44282815 0.00109262
2562 -0.44233658 0.00103698
2563 -0.44286618 0.00104128
2564 -0.44275180 0.00104836
2565 -0.44255221 0.00102817
2566 -0.44189729 0.00107888
2567 -0.44501234 0.00102186
2568 -0.44311985 0.00104167
2569 -0.44224293 0.00112902
2570 -0.44471834 0.00106861
2571 -0.44609899 0.00110373
2572 -0.44427628 0.00118874
2573 -0.44383015 0.00117831
2574 -0.44233612 0.00120530
2575 -0.44202383 0.00123203
2576 -0.44450465 0.00106389
2577 -0.44080852 0.00129549
2578 -0.44269571 0.00117809
2579 -0.44374284 0.00114028
2580 -0.44342114 0.00110562
2581 -0.44467339 0.00121426
2582 -0.44373716 0.00103117
2583 -0.44420700 0.00108818
2584 -0.44438056 0.00123276
2585 -0.44320822 0.00106351
2586 -0.44271425 0.00118091
2587 -0.44002370 0.00115065
2588 -0.44330348 0.00112187
2589 -0.44152564 0.00131780
2590 -0.44445775 0.00121068
2591 -0.44419336 0.00111869
2592 -0.44450186 0.00114653
2593 -0.44341332 0.00113707
2594 -0.44036043 0.00126110
2595 -0.44090142 0.00120326
2596 -0.44231157 0.00112919
2597 -0.44418372 0.00115132
2598 -0.44493651 0.00123597
2599 -0.44384703 0.00116831
2600 -0.44081637 0.00121571
2601 -0.43934376 0.00131582
2602 -0.43919381 0.00132954
2603 -0.43752969 0.00132531
2604 -0.44270930 0.00141410
2605 -0.43914963 0.00129391
2606 -0.44422292 0.00128671
2607 -0.44174668 0.00131676
2608 -0.44232519 0.00122680
2609 -0.44376237 0.00124666
2610 -0.44440773 0.00112153
2611 -0.44484491 0.00106122
2612 -0.44183729 0.00118167
2613 -0.44203883 0.00107335
2614 -0.44112078 0.00102942
2615 -0.44183909 0.00119096
2616 -0.44500332 0.00108027
2617 -0.44439761 0.00107825
2618 -0.44403249 0.00112024
2619 -0.44330159 0.00109938
2620 -0.44521471 0.00106364
2621 -0.44292047 0.00124800
2622 -0.44472093 0.00121664
2623 -0.44307213 0.00117287
2624 -0.44243964 0.00103235
2625 -0.44288868 0.00111494
2626 -0.44478784 0.00111925
2627 -0.44289243 0.00115089
2628 -0.44317814 0.00109946
2629 -0.44423721 0.00124264
2630 -0.44543015 0.00105675
2631 -0.44441132 0.00111836
2632 -0.44467487 0.00116390
2633 -0.44101033 0.00130042
2634 -0.43918856 0.00126754
2635 -0.43948315 0.00119477
2636 -0.43777423 0.00126046
2637 -0.43963058 0.00125348
2638 -0.44034688 0.00124015
2639 -0.44179835 0.00116331
2640 -0.43991617 0.00125650
2641 -0.44226378 0.00119137
2642 -0.44328262 0.00116139
2643 -0.44408790 0.00111661
2644 -0.44403563 0.00129054
2645 -0.44403293 0.00110364
2646 -0.44133955 0.00125347
2647 -0.44345716 0.00110519
2648 -0.43979110 0.00123918
2649 -0.43792235 0.00135744
2650 -0.44483823 0.00116026
2651 -0.44340900 0.00123245
2652 -0.44172699 0.00130655
2653 -0.44268142 0.00117108
2654 -0.44468713 0.00108008
2655 -0.44364328 0.00100658
2656 -0.44219032 0.00113846
2657 -0.44199697 0.00111646
2658 -0.44242177 0.00111557
2659 -0.44313813 0.00112539
2660 -0.44281074 0.00104334
2661 -0.44159346 0.00121706
2662 -0.44512753 0.00098816
2663 -0.44258627 0.00106361
2664 -0.44442927 0.00102322
2665 -0.44272900 0.00100863
2666 -0.44316205 0.00114813
2667 -0.44394934 0.00105553
2668 -0.44480684 0.00123177
2669 -0.44288704 0.00113860
2670 -0.43775080 0.00128696
2671 -0.44314557 0.00109932
2672 -0.43945405 0.00125084
2673 -0.44246469 0.00115396
2674 -0.44282870 0.00116184
2675 -0.44133670 0.00133326
2676 -0.44405870 0.00118348
2677 -0.44244301 0.00140407
2678 -0.44305809 0.00124202
2679 -0.44074359 0.00124153
2680 -0.44191700 0.00126505
2681 -0.44273828 0.00125104
2682 -0.44359789 0.00110365
2683 -0.44470088 0.00110368
2684 -0.44302898 0.00107182
2685 -0.44328265 0.00108006
2686 -0.44546185 0.00100912
2687 -0.44644237 0.00115130
2688 -0.44181246 0.00130602
2689 -0.44505009 0.00113073
2690 -0.44422087 0.00113210
2691 -0.44157370 0.00118883
2692 -0.44673716 0.00110370
2693 -0.44304404 0.00121108
2694 -0.44234643 0.00131548
2695 -0.44237700 0.00131068
2696 -0.44260875 0.00123594
2697 -0.44077040 0.00130124
2698 -0.44295232 0.00114597
2699 -0.44245018 0.00125032
2700 -0.44314103 0.00125231
2701 -0.44302283 0.00111480
2702 -0.44155717 0.00119630
2703 -0.44178526 0.00127296
2704 -0.44259781 0.00129618
2705 -0.43901051 0.00122544
2706 -0.44104193 0.00119786
2707 -0.44285285 0.00112653
2708 -0.44003267 0.00123404
2709 -0.44088251 0.00120182
2710 -0.43999117 0.00131062
2711 -0.43972731 0.00134386
2712 -0.44194411 0.00114058
2713 -0.43927459 0.00137681
2714 -0.44246165 0.00124794
2715 -0.44496156 0.00113343
2716 -0.44140841 0.00121054
2717 -0.44346401 0.00112979
2718 -0.44004835 0.00118103
2719 -0.43972172 0.00120300
2720 -0.44025972 0.00113238
2721 -0.44069080 0.00115392
2722 -0.43765525 0.00123023
2723 -0.44045621 0.00123853
2724 -0.44025732 0.00124366
2725 -0.44072266 0.00119112
2726 -0.44073041 0.00120058
2727 -0.44291872 0.00114149
2728 -0.44054286 0.00126060
2729 -0.44196524 0.00114250
2730 -0.44027360 0.00123792
2731 -0.44538267 0.00114476
2732 -0.44248352 0.00121740
2733 -0.44367114 0.00106048
2734 -0.44281886 0.00117620
2735 -0.44582614 0.00104033
2736 -0.44315380 0.00117405
2737 -0.44229182 0.00107546
2738 -0.44345803 0.00111433
2739 -0.44143015 0.00109790
2740 -0.44203666 0.00131262
2741 -0.44497956 0.00095695
2742 -0.44288780 0.00110264
2743 -0.44306545 0.00114315
2744 -0.44209861 0.00117870
2745 -0.44418541 0.00118752
2746 -0.44342180 0.00109761
2747 -0.44206802 0.00119024
2748 -0.44562511 0.00099409
2749 -0.44271750 0.00124250
2750 -0.44225419 0.00113856
2751 -0.44132220 0.00116306
2752 -0.44024624 0.00113624
2753 -0.43729162 0.00122532
2754 -0.43546340 0.00122174
2755 -0.43825103 0.00116895
2756 -0.43681531 0.00118325
2757 -0.43058941 0.00128063
2758 -0.43325672 0.00117765
2759 -0.43142316 0.00127387
2760 -0.43733278 0.00118748
2761 -0.43740613 0.00114829
2762 -0.43440577 0.00118919
2763 -0.43830982 0.00118735
2764 -0.43774086 0.00125023
2765 -0.44072556 0.00117727
2766 -0.43895356 0.00116029
2767 -0.43991891 0.00114287
2768 -0.43214329 0.00121307
2769 -0.43402658 0.00120439
2770 -0.43820376 0.00115169
2771 -0.44288407 0.00110043
2772 -0.44139940 0.00111811
2773 -0.43800674 0.00114275
2774 -0.44153782 0.00118085
2775 -0.44361274 0.00115876
2776 -0.44458751 0.00120059
2777 -0.44504991 0.00111985
2778 -0.44456357 0.00107420
2779 -0.44317513 0.00110665
2780 -0.44086795 0.00131610
2781 -0.44249162 0.00107878
2782 -0.44389690 0.00102561
2783 -0.44722804 0.00099807
2784 -0.44562147 0.00117648
2785 -0.44289672 0.00116822
2786 -0.44320890 0.00117720
2787 -0.44535230 0.00111732
2788 -0.44307827 0.00114177
2789 -0.44287137 0.00125536
2790 -0.44217442 0.00123720
2791 -0.44322513 0.00126351
2792 -0.44247364 0.00118499
2793 -0.44321337 0.00120587
2794 -0.44441097 0.00102616
2795 -0.44252037 0.00102676
2796 -0.44218247 0.00104934
2797 -0.44560778 0.00098993
2798 -0.44350964 0.00109793
2799 -0.44380127 0.00114675
2800 -0.44337839 0.00108380
2801 -0.44286467 0.00106301
2802 -0.44361910 0.00117563
2803 -0.44365535 0.00099852
2804 -0.44408072 0.00103331
2805 -0.44259106 0.00106992
2806 -0.44338571 0.00106942
2807 -0.44303575 0.00104756
2808 -0.44573320 0.00114154
2809 -0.44390960 0.00108036
2810 -0.44547832 0.00123733
2811 -0.44348913 0.00121762
2812 -0.44123611 0.00134316
2813 -0.44423371 0.00112386
2814 -0.44147718 0.00122412
2815 -0.44132430 0.00131272
2816 -0.44425137 0.00118997
2817 -0.44221069 0.00112260
2818 -0.44444586 0.00105897
2819 -0.44543292 0.00114726
2820 -0.44330897 0.00105160
2821 -0.44358124 0.00102151
2822 -0.44406912 0.00106994
2823 -0.44467389 0.00104316
2824 -0.44395656 0.00103012
2825 -0.44261753 0.00108505
2826 -0.44158233 0.00102876
2827 -0.44278883 0.00102646
2828 -0.44330170 0.00114138
2829 -0.44203070 0.00107851
2830 -0.44227910 0.00105508
2831 -0.44323046 0.00102462
2832 -0.44195755 0.00104833
2833 -0.44111146 0.00109617
2834 -0.44304181 0.00103690
2835 -0.44392039 0.00106850
2836 -0.44330874 0.00120381
2837 -0.44529135 0.00105816
2838 -0.44212845 0.00117853
2839 -0.44444282 0.00114182
2840 -0.44130623 0.00115233
2841 -0.44407570 0.00104138
2842 -0.44363716 0.00109222
2843 -0.44425342 0.00111625
2844 -0.44443268 0.00112152
2845 -0.44146964 0.00126408
2846 -0.44224529 0.00116165
2847 -0.44293278 0.00123105
2848 -0.44233479 0.00137298
2849 -0.43767602 0.00142681
2850 -0.43845695 0.00131409
2851 -0.44339791 0.00109110
2852 -0.44037336 0.00111866
2853 -0.43756780 0.00131587
2854 -0.44226545 0.00108039
2855 -0.44289754 0.00109828
2856 -0.44289264 0.00120527
2857 -0.44051827 0.00122226
2858 -0.44104902 0.00121810
2859 -0.44199791 0.00118045
2860 -0.44393111 0.00112077
2861 -0.44309338 0.00108741
2862 -0.44232624 0.00112121
2863 -0.44308833 0.00116936
2864 -0.44347875 0.00106607
2865 -0.44314978 0.00127975
2866 -0.44078218 0.00127208
2867 -0.44423695 0.00108482
2868 -0.44237322 0.00123777
2869 -0.44091729 0.00118324
2870 -0.44299491 0.00130856
2871 -0.44234685 0.00122244
2872 -0.44336003 0.00123391
2873 -0.44364770 0.00112881
2874 -0.44314395 0.00107716
2875 -0.44263032 0.00102544
2876 -0.43943542 0.00107491
2877 -0.44073752 0.00098595
2878 -0.44018158 0.00103943
2879 -0.44047878 0.00101709
2880 -0.44347759 0.00101682
2881 -0.44181580 0.00100277
2882 -0.44348924 0.00102097
2883 -0.44394798 0.00110436
2884 -0.44132010 0.00115214
2885 -0.44359711 0.00112091
2886 -0.44514487 0.00109062
2887 -0.44548839 0.00104709
2888 -0.44347141 0.00106421
2889 -0.44253989 0.00106837
2890 -0.44341027 0.00107410
2891 -0.44224171 0.00114912
2892 -0.44296360 0.00112532
2893 -0.44567887 0.00110807
2894 -0.44399867 0.00111642
2895 -0.44257705 0.00119813
2896 -0.44291328 0.00127477
2897 -0.44170099 0.00116809
2898 -0.44158602 0.00121671
2899 -0.44356251 0.00111298
2900 -0.44108870 0.00124355
2901 -0.44326708 0.00124992
2902 -0.44217316 0.00109344
2903 -0.44380003 0.00117000
2904 -0.44539861 0.00118124
2905 -0.44568229 0.00102424
2906 -0.44299312 0.00113791
2907 -0.44478986 0.00113673
2908 -0.44553551 0.00107394
2909 -0.44375001 0.00120716
2910 -0.44233867 0.00107153
2911 -0.43895134 0.00126812
2912 -0.44653008 0.00110141
2913 -0.44166435 0.00116333
2914 -0.44312253 0.00105287
2915 -0.44523456 0.00118093
2916 -0.44731690 0.00111389
2917 -0.43988402 0.00134476
2918 -0.44403514 0.00114195
2919 -0.44559385 0.00119680
2920 -0.44278642 0.00117380
2921 -0.44353585 0.00120611
2922 -0.44494810 0.00113020
2923 -0.44477303 0.00118545
2924 -0.44612681 0.00112895
2925 -0.44487826 0.00118839
2926 -0.44425729 0.00106290
2927 -0.44185966 0.00128930
2928 -0.44204866 0.00119253
2929 -0.44439418 0.00111338
2930 -0.44289898 0.00129154
2931 -0.44291133 0.00124588
2932 -0.44433275 0.00110986
2933 -0.44472947 0.00110390
2934 -0.44420028 0.00113101
2935 -0.44361150 0.00120931
2936 -0.44279319 0.00119271
2937 -0.44426027 0.00108518
2938 -0.44349280 0.00114685
2939 -0.44350800 0.00129334
2940 -0.44431768 0.00112840
2941 -0.44430785 0.00113762
2942 -0.44309943 0.00120485
2943 -0.44272509 0.00117832
2944 -0.44459010 0.00109007
2945 -0.44186960 0.00114903
2946 -0.44379399 0.00114480
2947 -0.44240777 0.00107289
2948 -0.44431030 0.00116432
2949 -0.44442549 0.00104500
2950 -0.44283053 0.00109680
2951 -0.44356399 0.00122378
2952 -0.44328700 0.00116960
2953 -0.44274068 0.00133537
2954 -0.44135759 0.00121761
2955 -0.44464155 0.00119081
2956 -0.44315255 0.00105259
2957 -0.44536059 0.00115474
2958 -0.44489565 0.00117861
2959 -0.44517704 0.00109201
2960 -0.44460887 0.00114510
2961 -0.44347625 0.00102945
2962 -0.44521875 0.00104014
2963 -0.44494428 0.00109079
2964 -0.44434362 0.00120494
2965 -0.44193492 0.00119575
2966 -0.44325613 0.00120818
2967 -0.44172323 0.00126105
2968 -0.44554577 0.00106590
2969 -0.44372593 0.00109724
2970 -0.44328043 0.00108251
2971 -0.44254757 0.00110778
2972 -0.44291875 0.00106491
2973 -0.44420293 0.00113153
2974 -0.44393339 0.00111463
2975 -0.44469364 0.00111655
2976 -0.44150942 0.00104214
2977 -0.44620862 0.00124908
2978 -0.44428131 0.00115420
2979 -0.44377147 0.00113870
2980 -0.44455855 0.00107408
2981 -0.44263986 0.00130779
2982 -0.44207348 0.00106471
2983 -0.44498833 0.00111710
2984 -0.44155215 0.00120578
2985 -0.44373955 0.00112087
2986 -0.44300209 0.00112971
2987 -0.44479134 0.00113961
2988 -0.44575337 0.00104765
2989 -0.44482267 0.00113410
2990 -0.44449401 0.00114766
2991 -0.43931707 0.00124657
2992 -0.44081654 0.00132218
2993 -0.44436555 0.00115517
2994 -0.44464355 0.00105765
2995 -0.44412075 0.00103300
2996 -0.44399659 0.00116770
2997 -0.44269563 0.00119628
2998 -0.44068546 0.00129065
2999 -0.44428738 0.00103264
