# SA_step mu sigma
0 0.79245299 0.49339836
1 0.79662810 0.49609616
2 0.80396527 0.49655915
3 0.79463095 0.50448949
4 0.79020407 0.50375604
5 0.78854407 0.49478426
6 0.79323088 0.49586618
7 0.78776086 0.48897178
8 0.79740181 0.47908523
9 0.79020000 0.48550176
10 0.79820336 0.48223270
11 0.80417913 0.47599974
12 0.81084870 0.48294186
13 0.81556896 0.47615836
14 0.81249287 0.46831646
15 0.80639861 0.46129315
16 0.80737745 0.46523448
17 0.80713374 0.47136384
18 0.81270704 0.46899939
19 0.81198353 0.47033026
20 0.81198322 0.47785664
21 0.80542990 0.46790353
22 0.80938198 0.47527411
23 0.81910695 0.47869870
24 0.81118670 0.46914214
25 0.81186097 0.46049285
26 0.81894854 0.45080579
27 0.82618999 0.45782568
28 0.82915383 0.46391604
29 0.82094100 0.46051129
30 0.81695062 0.46633418
31 0.81457347 0.46254252
32 0.80746503 0.47068415
33 0.80418862 0.47676515
34 0.80008959 0.48600266
35 0.79644553 0.49457309
36 0.79409928 0.49676391
37 0.79022436 0.49543270
38 0.79783303 0.48872901
39 0.79203597 0.49851982
40 0.79069501 0.48956345
41 0.78426750 0.48965969
42 0.77597286 0.48473778
43 0.78591750 0.49036831
44 0.77855333 0.49360274
45 0.77993674 0.49781929
46 0.77993674 0.49781929
47 0.77839061 0.50602181
48 0.77735428 0.49917183
49 0.77001470 0.50271250
50 0.77368762 0.50887586
51 0.77231489 0.51701271
52 0.77641077 0.51381667
53 0.77641077 0.51381667
54 0.78200719 0.50718031
55 0.78692954 0.51000562
56 0.78171109 0.51391938
57 0.77710957 0.52174843
58 0.77797825 0.53160608
59 0.77165932 0.54084784
60 0.77753463 0.53756626
61 0.78458737 0.53509506
62 0.79397611 0.54145776
63 0.79852309 0.54442193
64 0.79838967 0.54370913
65 0.79338908 0.55156636
66 0.79477544 0.55369095
67 0.79447850 0.55115834
68 0.78814924 0.54754610
69 0.77959864 0.54679556
70 0.78479681 0.54514441
71 0.78389338 0.53852387
72 0.79177708 0.53342944
73 0.78276888 0.53469176
74 0.78048491 0.52547455
75 0.77661358 0.52491710
76 0.77977556 0.52297929
77 0.77917086 0.52784011
78 0.78279665 0.53182402
79 0.78424229 0.53983106
80 0.78482595 0.54595146
81 0.79290124 0.55591658
82 0.78355799 0.54735096
83 0.79013601 0.54735956
84 0.79521031 0.54522439
85 0.79901147 0.55076062
86 0.80788142 0.54561832
87 0.80434011 0.54451669
88 0.79926867 0.53852623
89 0.79309320 0.54599686
90 0.79073547 0.55077035
91 0.79140010 0.55143014
92 0.79140010 0.55143014
93 0.78349201 0.55164865
94 0.78243858 0.54918027
95 0.77848279 0.55714716
96 0.77692676 0.56430281
97 0.78577867 0.56669664
98 0.77943081 0.57665533
99 0.77424647 0.56686859
100 0.76818665 0.57647346
101 0.76137954 0.56660993
102 0.75349708 0.55922979
103 0.75349708 0.55922979
104 0.75568835 0.55512775
105 0.76407808 0.55954837
106 0.75801390 0.56050801
107 0.75483088 0.55379186
108 0.75897016 0.55454015
109 0.76803391 0.55860163
110 0.77434693 0.55637727
111 0.77573269 0.54928682
112 0.78535304 0.54821384
113 0.79120808 0.55161959
114 0.78878968 0.54288468
115 0.78199969 0.53545273
116 0.78678848 0.53382857
117 0.78627601 0.52936217
118 0.77878914 0.52341372
119 0.78609921 0.52930409
120 0.78327990 0.53080977
121 0.79009107 0.53636169
122 0.78960797 0.53342720
123 0.79893980 0.52354898
124 0.79590654 0.52658043
125 0.79070499 0.53248386
126 0.78668937 0.53043834
127 0.78727285 0.54036597
128 0.79620837 0.54063001
129 0.80205019 0.53323616
130 0.80788190 0.53323688
131 0.80658561 0.53398258
132 0.81126860 0.53596374
133 0.81472773 0.54436727
134 0.80567361 0.53498461
135 0.80493273 0.53211245
136 0.80747378 0.53354206
137 0.80747378 0.53354206
138 0.80084437 0.54133095
139 0.80248197 0.53860287
140 0.80499437 0.54100362
141 0.80499437 0.54100362
142 0.80966411 0.53186476
143 0.80781098 0.53848418
144 0.81563120 0.54600287
145 0.81836948 0.54137197
146 0.81771416 0.53590234
147 0.81771416 0.53590234
148 0.80864819 0.53176657
149 0.81120045 0.52704912
150 0.80740063 0.52757185
151 0.80093895 0.53203710
152 0.80093895 0.53203710
153 0.80826662 0.53810687
154 0.79853508 0.53031284
155 0.79853508 0.53031284
156 0.80384778 0.53718675
157 0.80755917 0.54121455
158 0.81036447 0.53948960
159 0.80735843 0.54453354
160 0.81262520 0.54606660
161 0.80600152 0.54948970
162 0.80783344 0.55035580
163 0.80488949 0.56008143
164 0.80009101 0.55204288
165 0.80872718 0.54296145
166 0.80268237 0.53522970
167 0.79478729 0.53745815
168 0.79143518 0.54176147
169 0.79246774 0.54626979
170 0.79484029 0.55350335
171 0.78540184 0.56180917
172 0.77553763 0.56773776
173 0.78212586 0.56815628
174 0.78017567 0.57042774
175 0.78960646 0.56517358
176 0.78622851 0.55730251
177 0.78078959 0.56624258
178 0.77320643 0.57616225
179 0.78122635 0.58595381
180 0.77755767 0.58403887
181 0.78234240 0.58818783
182 0.77364202 0.59678478
183 0.76599589 0.60169098
184 0.77206491 0.60013305
185 0.77914596 0.59037918
186 0.77046137 0.59455865
187 0.77627040 0.58704706
188 0.78196253 0.59092771
189 0.77490545 0.58141939
190 0.77599743 0.57935893
191 0.77637688 0.58280274
192 0.77144056 0.57870341
193 0.77744083 0.57817493
194 0.77674139 0.57828382
195 0.77316566 0.56916748
196 0.77744042 0.56528445
197 0.78555396 0.56143359
198 0.78340928 0.55679955
199 0.78985997 0.56231758
200 0.79623349 0.56362357
201 0.80605835 0.56224850
202 0.80540830 0.55766120
203 0.80372161 0.55544097
204 0.80372161 0.55544097
205 0.80172386 0.55637090
206 0.81158762 0.55341129
207 0.80272351 0.54738761
208 0.79332641 0.54048017
209 0.78695286 0.53155583
210 0.78499725 0.52890514
211 0.78238331 0.51971335
212 0.78981663 0.52700826
213 0.78981663 0.52700826
214 0.78442017 0.53688199
215 0.78442017 0.53688199
216 0.78718889 0.53802469
217 0.78048840 0.53227605
218 0.77865133 0.54046044
219 0.78411097 0.54162505
220 0.79180012 0.53501818
221 0.79156284 0.52763869
222 0.78981587 0.52977495
223 0.79175469 0.53587349
224 0.79321282 0.53521531
225 0.79105654 0.54219450
226 0.79911920 0.53665683
227 0.80193198 0.53199220
228 0.80770433 0.53486432
229 0.80835988 0.54255085
230 0.80835988 0.54255085
231 0.81528333 0.54425718
232 0.80712005 0.54246212
233 0.81137747 0.54201709
234 0.81532311 0.53464802
235 0.80551055 0.52691361
236 0.81327847 0.52860410
237 0.81327847 0.52860410
238 0.81868808 0.52932635
239 0.82031887 0.52105023
240 0.82031887 0.52105023
241 0.82154881 0.52016766
242 0.81246864 0.52219880
243 0.82245863 0.53104685
244 0.82450603 0.53947864
245 0.81977341 0.53504404
246 0.82479889 0.53595231
247 0.81785018 0.53406029
248 0.82277102 0.53681738
249 0.82277102 0.53681738
250 0.82008681 0.53780790
251 0.82719519 0.53360056
252 0.82719519 0.53360056
253 0.82203354 0.53445387
254 0.81377177 0.53334548
255 0.81646470 0.53554980
256 0.82307665 0.54484426
257 0.82330236 0.54474100
258 0.82732785 0.53747656
259 0.83400304 0.53134166
260 0.82749041 0.53147922
261 0.83592123 0.53096797
262 0.83252819 0.52815440
263 0.83219865 0.52395734
264 0.82444080 0.52510780
265 0.81468552 0.52642794
266 0.81136969 0.53149217
267 0.82064113 0.53865592
268 0.82044342 0.53223387
269 0.81185226 0.53406264
270 0.80952461 0.53812870
271 0.81945895 0.53437166
272 0.82026785 0.53504127
273 0.81560940 0.53656398
274 0.80893055 0.52776128
275 0.80893055 0.52776128
276 0.80520828 0.52896259
277 0.79942204 0.53704697
278 0.80268940 0.54309654
279 0.79503825 0.54800759
280 0.80262788 0.54875633
281 0.80262788 0.54875633
282 0.80628775 0.55770937
283 0.80628775 0.55770937
284 0.80231802 0.54772587
285 0.80745002 0.55487553
286 0.79877243 0.55119778
287 0.79989005 0.55823039
288 0.79685002 0.55472223
289 0.80126425 0.54496039
290 0.79981661 0.53632696
291 0.79413343 0.53350574
292 0.79932129 0.53035522
293 0.79801941 0.53319741
294 0.79935300 0.53824072
295 0.79844684 0.54620042
296 0.80187475 0.54068515
297 0.79748935 0.53946622
298 0.80657720 0.54356820
299 0.80165217 0.53689151
300 0.79403398 0.53591457
301 0.79118555 0.52864388
302 0.79227792 0.52648961
303 0.80007960 0.52370387
304 0.79703622 0.51420054
305 0.79048004 0.50701503
306 0.78520016 0.50049650
307 0.78090687 0.50351707
308 0.78159310 0.49958622
309 0.78368499 0.49816824
310 0.77813981 0.49360307
311 0.77567410 0.49995282
312 0.77567410 0.49995282
313 0.76834622 0.50144007
314 0.76665879 0.50512270
315 0.75922632 0.51447077
316 0.76451112 0.51296589
317 0.76451112 0.51296589
318 0.76386935 0.51300943
319 0.75855237 0.51325859
320 0.75855237 0.51325859
321 0.76809485 0.51589875
322 0.77140001 0.51853022
323 0.77140001 0.51853022
324 0.77728706 0.51694542
325 0.78043537 0.51198742
326 0.78043537 0.51198742
327 0.77392684 0.50576952
328 0.76605882 0.51072634
329 0.77099741 0.50085273
330 0.77525884 0.50419799
331 0.76882406 0.50082850
332 0.76623269 0.49272517
333 0.75743300 0.50130557
334 0.75073539 0.49915232
335 0.75645223 0.49595043
336 0.76350399 0.49053191
337 0.75403027 0.49328210
338 0.75088933 0.49423815
339 0.75088933 0.49423815
340 0.75656154 0.48839788
341 0.75948488 0.49282925
342 0.75322642 0.49096937
343 0.75744704 0.49120767
344 0.74944110 0.48808670
345 0.75306791 0.49013628
346 0.76000975 0.49550817
347 0.76000975 0.49550817
348 0.76688738 0.49181739
349 0.77355692 0.49866473
350 0.77355692 0.49866473
351 0.76885606 0.50336665
352 0.77268742 0.49623445
353 0.76836885 0.48937468
354 0.76836885 0.48937468
355 0.76704607 0.49726115
356 0.75737845 0.49332612
357 0.75228122 0.50311741
358 0.75978252 0.50029295
359 0.76938655 0.50040217
360 0.76938655 0.50040217
361 0.77390508 0.49898261
362 0.78185064 0.49224400
363 0.78185064 0.49224400
364 0.78185064 0.49224400
365 0.77867807 0.49654066
366 0.78351146 0.49654960
367 0.78351146 0.49654960
368 0.78672132 0.48678362
369 0.77895734 0.48649271
370 0.78325395 0.48031860
371 0.77954676 0.47823911
372 0.77954676 0.47823911
373 0.77807709 0.47724671
374 0.77295933 0.46773392
375 0.77753641 0.47579927
376 0.78075041 0.47806604
377 0.78075041 0.47806604
378 0.77930449 0.47184408
379 0.77230339 0.47601073
380 0.78113816 0.48377852
381 0.78113816 0.48377852
382 0.78151958 0.48563606
383 0.78018723 0.49131366
384 0.78018723 0.49131366
385 0.78225576 0.48348713
386 0.79122111 0.49269402
387 0.79122111 0.49269402
388 0.79122111 0.49269402
389 0.79438891 0.50201310
390 0.79438891 0.50201310
391 0.79438891 0.50201310
392 0.80056440 0.50849289
393 0.79809376 0.50182270
394 0.79809376 0.50182270
395 0.80291216 0.50355436
396 0.81191573 0.50596399
397 0.81157222 0.51586184
398 0.80836132 0.52158738
399 0.80893013 0.52403244
400 0.80638486 0.53332916
401 0.80956945 0.54162768
402 0.80999149 0.54940579
403 0.81001462 0.54893112
404 0.80498432 0.55346730
405 0.80450282 0.56063251
406 0.80627721 0.56013924
407 0.80401290 0.55661638
408 0.80833979 0.55420155
409 0.81677885 0.56329429
410 0.82152954 0.57015610
411 0.81747624 0.57282297
412 0.81246234 0.57330954
413 0.80584760 0.57385770
414 0.80064720 0.57139579
415 0.80064720 0.57139579
416 0.80716915 0.56985773
417 0.79766190 0.56164590
418 0.79249649 0.56097659
419 0.79249649 0.56097659
420 0.80008422 0.56808327
421 0.80008422 0.56808327
422 0.80100785 0.56736763
423 0.80678535 0.56813121
424 0.80873514 0.55881798
425 0.81805330 0.56848661
426 0.81464292 0.57132022
427 0.80645236 0.57966432
428 0.80680019 0.58043705
429 0.80680019 0.58043705
430 0.81328951 0.57773560
431 0.80402651 0.57900642
432 0.80122232 0.57281136
433 0.79163349 0.57399016
434 0.80057198 0.57797835
435 0.79286213 0.58755189
436 0.78960802 0.59369206
437 0.79352372 0.58612618
438 0.79649248 0.58768372
439 0.80559641 0.59191309
440 0.80657233 0.60169847
441 0.80936448 0.60301375
442 0.80881792 0.61009636
443 0.80564036 0.60489114
444 0.79782129 0.59849819
445 0.78979439 0.60332535
446 0.79661197 0.59392094
447 0.80549336 0.60328006
448 0.79797657 0.60694425
449 0.79181238 0.60402437
450 0.79063218 0.60075143
451 0.79219414 0.60074634
452 0.78222152 0.59167379
453 0.78022237 0.59066803
454 0.78332312 0.60058881
455 0.78046877 0.60410871
456 0.78214480 0.59572646
457 0.78500436 0.60408898
458 0.77725847 0.61092285
459 0.77711644 0.60262253
460 0.78023930 0.61207231
461 0.77816508 0.62199903
462 0.77924706 0.62554932
463 0.78599136 0.62517192
464 0.77841559 0.62822546
465 0.77841559 0.62822546
466 0.77923036 0.63000777
467 0.77923036 0.63000777
468 0.78854981 0.62675198
469 0.79201705 0.62268646
470 0.80116567 0.61878885
471 0.79974945 0.61339673
472 0.80179668 0.61111744
473 0.80757089 0.62098572
474 0.80666940 0.61633568
475 0.81218349 0.61510467
476 0.81390583 0.61002637
477 0.82054980 0.61823901
478 0.81492319 0.61897344
479 0.81986525 0.61367749
480 0.82201069 0.62318440
481 0.83178042 0.62503014
482 0.83990031 0.62399992
483 0.84299086 0.61640454
484 0.83797259 0.62414175
485 0.84045740 0.63349452
486 0.84915176 0.62581214
487 0.84343296 0.62929256
488 0.84917598 0.62479410
489 0.84917598 0.62479410
490 0.84240238 0.62789228
491 0.83937096 0.62849839
492 0.83786705 0.62810606
493 0.83366588 0.62189176
494 0.83278988 0.61748296
495 0.84211382 0.61175022
496 0.83674134 0.60382004
497 0.83760701 0.60501929
498 0.84431314 0.59897530
499 0.84431314 0.59897530
500 0.84994050 0.60494064
501 0.84752775 0.61195081
502 0.84110553 0.60659061
503 0.83880249 0.59990866
504 0.83719191 0.59900477
505 0.84253226 0.60310924
506 0.84253226 0.60310924
507 0.84873081 0.59425840
508 0.84375108 0.60116385
509 0.84640705 0.59424252
510 0.85324971 0.58713216
511 0.85148303 0.59077660
512 0.85451391 0.59999577
513 0.85412445 0.60844960
514 0.85825569 0.60295693
515 0.85777051 0.59996219
516 0.85363127 0.60483882
517 0.84584538 0.60601800
518 0.84584538 0.60601800
519 0.85191003 0.60777705
520 0.85404126 0.59857271
521 0.85404126 0.59857271
522 0.84467623 0.60278457
523 0.84202326 0.61156841
524 0.83542363 0.60376972
525 0.83542363 0.60376972
526 0.83555438 0.59651368
527 0.83147813 0.59712958
528 0.83890142 0.59862223
529 0.83256709 0.59803442
530 0.82741067 0.60278341
531 0.82836931 0.60019943
532 0.83268485 0.59570209
533 0.82765125 0.60128322
534 0.82316855 0.60607537
535 0.81878493 0.59791834
536 0.81878493 0.59791834
537 0.82018002 0.59050847
538 0.81615858 0.59972351
539 0.81517632 0.59294497
540 0.80863959 0.59459842
541 0.80900026 0.58704915
542 0.80007291 0.58277826
543 0.79048391 0.58169421
544 0.78123693 0.57630275
545 0.77356528 0.56823893
546 0.76913681 0.56770484
547 0.77233411 0.57692641
548 0.76667067 0.58057779
549 0.76127751 0.58183470
550 0.75470162 0.59111249
551 0.75883491 0.58133973
552 0.75654547 0.57858490
553 0.75363997 0.57165800
554 0.75804864 0.56999303
555 0.74932806 0.57522887
556 0.74434323 0.57009345
557 0.74678597 0.57250996
558 0.74888045 0.57113373
559 0.75292285 0.56819224
560 0.76183423 0.56705013
561 0.75674213 0.57429280
562 0.75674213 0.57429280
563 0.75582046 0.57212138
564 0.75547022 0.57850118
565 0.75830602 0.57471557
566 0.76491700 0.58426570
567 0.75902098 0.58053599
568 0.76846237 0.58432162
569 0.77275692 0.58655643
570 0.77972442 0.58818896
571 0.78288522 0.58854177
572 0.77539442 0.59326683
573 0.76740049 0.60214830
574 0.76278532 0.60246031
575 0.76278532 0.60246031
576 0.77251366 0.60300989
577 0.76622720 0.61130681
578 0.77329944 0.61841544
579 0.76655627 0.61368318
580 0.76391977 0.61971086
581 0.75579439 0.61340739
582 0.75679337 0.60776755
583 0.75679337 0.60776755
584 0.76304987 0.60911533
585 0.77267835 0.60137991
586 0.78028996 0.60883070
587 0.78670754 0.60641692
588 0.78617405 0.60412434
589 0.78518597 0.59812909
590 0.79215724 0.60550403
591 0.79062908 0.60527152
592 0.79062908 0.60527152
593 0.79681440 0.59791809
594 0.80109182 0.60073341
595 0.80548316 0.60447134
596 0.80612840 0.59456488
597 0.81001552 0.58847873
598 0.81025523 0.59015208
599 0.80160982 0.59174003
600 0.79980835 0.60074051
601 0.79331323 0.60738016
602 0.78738941 0.60461281
603 0.78874206 0.59892671
604 0.79873649 0.60682081
605 0.78993236 0.60686599
606 0.78147873 0.60576948
607 0.78589214 0.60681263
608 0.78149887 0.59769131
609 0.78219821 0.60473188
610 0.78543813 0.61468289
611 0.77647178 0.60677049
612 0.76988905 0.60200463
613 0.76915988 0.60608956
614 0.77173615 0.61213182
615 0.77144711 0.61097418
616 0.76463256 0.60919933
617 0.76463256 0.60919933
618 0.76587908 0.61246915
619 0.76634979 0.62085682
620 0.76634979 0.62085682
621 0.76634979 0.62085682
622 0.76048673 0.62092053
623 0.76293263 0.62889037
624 0.76185315 0.63849052
625 0.76185315 0.63849052
626 0.76933507 0.63324066
627 0.76132874 0.63456741
628 0.76074388 0.63823622
629 0.76159294 0.63986509
630 0.76543725 0.63311229
631 0.76018354 0.62456081
632 0.75497507 0.62476035
633 0.75139203 0.62842491
634 0.75702271 0.63484031
635 0.76277147 0.63341122
636 0.76143350 0.62421659
637 0.75643840 0.61526760
638 0.75114873 0.61921326
639 0.76105581 0.62231385
640 0.76047644 0.62800889
641 0.76131698 0.63592775
642 0.76950320 0.63046045
643 0.77146390 0.63572398
644 0.77941661 0.62599377
645 0.78041176 0.63134701
646 0.78811871 0.63808331
647 0.78894646 0.62849855
648 0.78595486 0.62839906
649 0.78143811 0.62946297
650 0.78096506 0.63025412
651 0.78626839 0.63465164
652 0.78411506 0.63852981
653 0.79184123 0.64824882
654 0.79365273 0.63947615
655 0.78634805 0.63916432
656 0.78763400 0.64295422
657 0.78984688 0.65029095
658 0.78065568 0.65946157
659 0.77381781 0.66182062
660 0.78255535 0.67044044
661 0.79127535 0.66992196
662 0.78549275 0.67031797
663 0.78798961 0.67372036
664 0.78381938 0.68152700
665 0.79113678 0.68374109
666 0.79461659 0.68626168
667 0.79985277 0.68280774
668 0.80276126 0.67434505
669 0.80151217 0.66782004
670 0.80283673 0.67500477
671 0.79957168 0.68337937
672 0.79302467 0.67344736
673 0.79302467 0.67344736
674 0.79302467 0.67344736
675 0.79302467 0.67344736
676 0.79110487 0.66776572
677 0.79485925 0.67312922
678 0.79485925 0.67312922
679 0.79861751 0.67362511
680 0.80612116 0.68360760
681 0.80921766 0.68640212
682 0.80921766 0.68640212
683 0.81165701 0.68522478
684 0.81165701 0.68522478
685 0.81995821 0.67897202
686 0.81641079 0.68455139
687 0.81481965 0.68250172
688 0.81481965 0.68250172
689 0.80579075 0.68266234
690 0.79590606 0.67279126
691 0.80024096 0.67433347
692 0.80908244 0.66815096
693 0.80908244 0.66815096
694 0.80484629 0.67130340
695 0.79907279 0.67090305
696 0.79907279 0.67090305
697 0.79907279 0.67090305
698 0.79907279 0.67090305
699 0.79321363 0.66374984
700 0.79296301 0.66982093
701 0.79638548 0.66093165
702 0.80139492 0.65988617
703 0.79363462 0.66866324
704 0.79245851 0.67281371
705 0.78934100 0.66914834
706 0.79318934 0.67156574
707 0.79472203 0.67100661
708 0.80118307 0.66807551
709 0.80916253 0.66428959
710 0.80754431 0.66069161
711 0.81295622 0.66572933
712 0.81356434 0.67048454
713 0.81061455 0.66633384
714 0.80846213 0.66867096
715 0.81843464 0.67520409
716 0.82129433 0.66770239
717 0.82473331 0.67322414
718 0.81485071 0.67809544
719 0.81895148 0.68556339
720 0.81027109 0.69420067
721 0.81027109 0.69420067
722 0.81128580 0.69095239
723 0.80378442 0.69281017
724 0.80378442 0.69281017
725 0.80930497 0.70215687
726 0.81103499 0.70263997
727 0.80146188 0.70560075
728 0.80175780 0.70673240
729 0.80138523 0.70670745
730 0.79577705 0.70319160
731 0.79811805 0.70065543
732 0.79811805 0.70065543
733 0.79388133 0.69309431
734 0.78428558 0.70071040
735 0.78428558 0.70071040
736 0.77908159 0.69540920
737 0.77908159 0.69540920
738 0.77172739 0.69446264
739 0.77976407 0.70200542
740 0.77418546 0.69294800
741 0.77088422 0.69821180
742 0.76516490 0.69000171
743 0.75555881 0.69715230
744 0.74558626 0.69782691
745 0.73582346 0.69053892
746 0.74220513 0.69257512
747 0.74308824 0.68481962
748 0.74308824 0.68481962
749 0.73717936 0.67949330
750 0.74297299 0.68440359
751 0.73935747 0.68618726
752 0.74493918 0.68066385
753 0.73749093 0.68821211
754 0.73253779 0.68802097
755 0.72951932 0.69588204
756 0.73433038 0.69765065
757 0.73740717 0.69222582
758 0.73740717 0.69222582
759 0.73824352 0.69104185
760 0.74177335 0.68771645
761 0.73878798 0.69007075
762 0.73117591 0.69197989
763 0.73796300 0.68491777
764 0.73565960 0.69405773
765 0.73667219 0.70387316
766 0.73667219 0.70387316
767 0.73391983 0.69736367
768 0.74371858 0.70536244
769 0.74346444 0.70402564
770 0.74346444 0.70402564
771 0.74346444 0.70402564
772 0.74346444 0.70402564
773 0.74346444 0.70402564
774 0.74130290 0.69841151
775 0.74263649 0.69238618
776 0.74263649 0.69238618
777 0.74896124 0.69439544
778 0.74896124 0.69439544
779 0.74172197 0.68606442
780 0.73923822 0.67829941
781 0.74630942 0.68137251
782 0.73700834 0.68410585
783 0.73166083 0.68499287
784 0.73093065 0.68240386
785 0.72946474 0.68445628
786 0.73078235 0.68539446
787 0.73078235 0.68539446
788 0.73930706 0.68493642
789 0.74616146 0.68179542
790 0.73843280 0.68744625
791 0.74015419 0.68945982
792 0.74263296 0.69054061
793 0.73601398 0.68123748
794 0.73185353 0.68399890
795 0.73628126 0.68849406
796 0.73996325 0.68755331
797 0.74826517 0.69293197
798 0.75710061 0.68985926
799 0.75972049 0.69747351
800 0.75389169 0.70167137
801 0.75389169 0.70167137
802 0.75697593 0.69482961
803 0.74857028 0.70136034
804 0.74949527 0.69146925
805 0.75904955 0.69334420
806 0.75909643 0.69762939
807 0.76721550 0.70665227
808 0.77538441 0.69911036
809 0.78231314 0.69839123
810 0.78789748 0.70394668
811 0.78789748 0.70394668
812 0.78881299 0.70343023
813 0.78309248 0.71002563
814 0.78064172 0.70396315
815 0.78630427 0.70326238
816 0.78357910 0.69843899
817 0.78705923 0.69222097
818 0.78066627 0.68674761
819 0.78066627 0.68674761
820 0.77748520 0.68742804
821 0.78214409 0.67817763
822 0.78231656 0.67168673
823 0.78438103 0.68118312
824 0.77969349 0.67335009
825 0.78721807 0.66692519
826 0.78293243 0.66030775
827 0.78947442 0.65345937
828 0.79295671 0.66028989
829 0.80166484 0.66396474
830 0.80409033 0.66554497
831 0.80409033 0.66554497
832 0.79871409 0.65858873
833 0.79871409 0.65858873
834 0.79695617 0.66006148
835 0.79182694 0.66354515
836 0.79436059 0.65817826
837 0.79414211 0.66191484
838 0.78881261 0.65312715
839 0.78485074 0.65311937
840 0.77655022 0.65236706
841 0.78549402 0.64933591
842 0.77794959 0.63978870
843 0.76895328 0.64696618
844 0.76337064 0.63861195
845 0.75795480 0.63221831
846 0.75175072 0.63238494
847 0.75378090 0.63701158
848 0.76126517 0.63426800
849 0.75849214 0.63995616
850 0.76143841 0.63220383
851 0.76522314 0.62377605
852 0.75684492 0.61434488
853 0.74758762 0.62377344
854 0.74997271 0.61590245
855 0.74863063 0.61425043
856 0.74014559 0.62010854
857 0.74239144 0.62502363
858 0.74677758 0.61619230
859 0.74125550 0.60797826
860 0.74060368 0.60968032
861 0.74656620 0.60068310
862 0.73887320 0.59178786
863 0.74704311 0.59682924
864 0.74704311 0.59682924
865 0.74591873 0.59688717
866 0.75198193 0.60550475
867 0.75841111 0.60104200
868 0.74902295 0.59958282
869 0.75704841 0.60606023
870 0.76238366 0.60130979
871 0.75520892 0.60335354
872 0.75662222 0.61222502
873 0.74865233 0.60585017
874 0.74332750 0.60688871
875 0.74611630 0.60848055
876 0.73837476 0.59999820
877 0.73673334 0.60016429
878 0.73556479 0.60691822
879 0.74019203 0.61350116
880 0.74051426 0.61372928
881 0.74051426 0.61372928
882 0.73617744 0.60398403
883 0.73134925 0.61307295
884 0.72797058 0.61425748
885 0.71960216 0.61022382
886 0.71831023 0.60122403
887 0.71841450 0.61053077
888 0.71841450 0.61053077
889 0.72282725 0.60584455
890 0.72474975 0.59589771
891 0.72154706 0.60007910
892 0.72208368 0.59474911
893 0.72190010 0.59622606
894 0.71671679 0.59728864
895 0.71182196 0.60274601
896 0.71182196 0.60274601
897 0.71438435 0.60919108
898 0.72041558 0.61304873
899 0.72097805 0.61140278
900 0.73015464 0.60943731
901 0.73152440 0.60871489
902 0.73711028 0.60143709
903 0.73172538 0.59798854
904 0.73089292 0.59329683
905 0.72714898 0.59563502
906 0.72534236 0.60119207
907 0.73101245 0.60065558
908 0.73766520 0.60284179
909 0.73766520 0.60284179
910 0.74682926 0.59336310
911 0.75571619 0.58984320
912 0.75572400 0.58436152
913 0.75572400 0.58436152
914 0.75262079 0.58339280
915 0.74846441 0.58536593
916 0.75704714 0.58667460
917 0.75665447 0.59297406
918 0.76415549 0.59995542
919 0.76415549 0.59995542
920 0.76415549 0.59995542
921 0.76933694 0.59253031
922 0.77217851 0.59417590
923 0.78000526 0.60121197
924 0.78000526 0.60121197
925 0.78206812 0.61102160
926 0.78206812 0.61102160
927 0.78206812 0.61102160
928 0.77902458 0.61784847
929 0.77902458 0.61784847
930 0.78802345 0.61080737
931 0.78880298 0.61681672
932 0.79199068 0.61825760
933 0.78550720 0.62707411
934 0.77741921 0.63431373
935 0.77741921 0.63431373
936 0.78276174 0.62653187
937 0.79265912 0.62490999
938 0.79337413 0.61702937
939 0.79872049 0.61969045
940 0.79161820 0.61048577
941 0.79277229 0.61338363
942 0.78433334 0.61111815
943 0.77934827 0.60830634
944 0.78688074 0.61086922
945 0.79128739 0.60627011
946 0.79086779 0.60216680
947 0.78645342 0.61193018
948 0.78433757 0.60257376
949 0.77818422 0.60650031
950 0.78587901 0.61191982
951 0.78324070 0.61006116
952 0.78139562 0.61865288
953 0.78176916 0.61011639
954 0.78510647 0.61414324
955 0.79272134 0.60908571
956 0.79086119 0.61648780
957 0.79607572 0.60729926
958 0.79607572 0.60729926
959 0.80374950 0.60080259
960 0.80241835 0.60614266
961 0.80820733 0.61438473
962 0.79961283 0.61390706
963 0.80535196 0.62249471
964 0.81154484 0.62527600
965 0.81154484 0.62527600
966 0.82128785 0.63116896
967 0.82909390 0.63143843
968 0.83657700 0.63672060
969 0.84396942 0.64278144
970 0.84562861 0.64160805
971 0.84562861 0.64160805
972 0.85432792 0.63282588
973 0.85432792 0.63282588
974 0.85848874 0.62504072
975 0.86059562 0.62860440
976 0.85595163 0.63697803
977 0.84707465 0.62783094
978 0.84596816 0.62799973
979 0.85442055 0.63779363
980 0.85269197 0.63563005
981 0.85269197 0.63563005
982 0.85269197 0.63563005
983 0.84281026 0.63959058
984 0.84991914 0.63209485
985 0.84092871 0.62477439
986 0.84990227 0.62297499
987 0.85319816 0.63131021
988 0.85686316 0.63005423
989 0.86070125 0.63566530
990 0.86953799 0.63737527
991 0.87897979 0.62875840
992 0.88103420 0.62728632
993 0.88103420 0.62728632
994 0.88599762 0.62626100
995 0.88758758 0.63400876
996 0.89477945 0.64325744
997 0.88935603 0.63563323
998 0.88176773 0.63624199
999 0.87351261 0.64483557
1000 0.87917125 0.63578464
1001 0.87662506 0.64061539
1002 0.87921280 0.64216480
1003 0.87904866 0.63784128
1004 0.87904866 0.63784128
1005 0.87904866 0.63784128
1006 0.87904866 0.63784128
1007 0.88522067 0.63118812
1008 0.87904214 0.62969932
1009 0.87311526 0.62490844
1010 0.86529776 0.61589080
1011 0.87110858 0.61013490
1012 0.87110858 0.61013490
1013 0.86383323 0.61321031
1014 0.85754189 0.61951744
1015 0.84950496 0.61260107
1016 0.85828388 0.61094600
1017 0.85828388 0.61094600
1018 0.86113083 0.60314692
1019 0.85299022 0.60755492
1020 0.84781099 0.60704963
1021 0.84781099 0.60704963
1022 0.84409145 0.60394068
1023 0.84409145 0.60394068
1024 0.83608812 0.60693923
1025 0.83011264 0.61037544
1026 0.83192554 0.61559046
1027 0.83264251 0.60584728
1028 0.82936168 0.60843789
1029 0.83383255 0.61178170
1030 0.82691918 0.60644071
1031 0.81693155 0.59982099
1032 0.81147355 0.60140863
1033 0.81280974 0.59597092
1034 0.81091220 0.59533466
1035 0.81902196 0.59650014
1036 0.82634154 0.60151600
1037 0.82634154 0.60151600
1038 0.81817289 0.60731825
1039 0.82023601 0.61584580
1040 0.82952455 0.61031006
1041 0.83175333 0.60212524
1042 0.83610329 0.60988927
1043 0.84189289 0.60504624
1044 0.84907689 0.60564103
1045 0.85670599 0.61137306
1046 0.85660966 0.61552773
1047 0.85888138 0.62417350
1048 0.86080647 0.62939398
1049 0.85379099 0.62233277
1050 0.84800944 0.61518900
1051 0.85233576 0.60618791
1052 0.85005852 0.60089393
1053 0.84269460 0.59794979
1054 0.83443515 0.59047693
1055 0.83496037 0.59353999
1056 0.83406752 0.58804498
1057 0.83777446 0.58485210
1058 0.83292040 0.59476989
1059 0.83981442 0.59426278
1060 0.83195995 0.58866133
1061 0.83195995 0.58866133
1062 0.84163319 0.58298878
1063 0.83339624 0.59269459
1064 0.83560337 0.58974024
1065 0.83686370 0.58982038
1066 0.83407478 0.58746337
1067 0.82752677 0.59355711
1068 0.81810638 0.60207569
1069 0.81314236 0.59640106
1070 0.81474784 0.59192194
1071 0.82406055 0.59910205
1072 0.81804654 0.59553688
1073 0.81711114 0.59004322
1074 0.81582407 0.58340656
1075 0.81495898 0.58083262
1076 0.81185241 0.57591226
1077 0.81705262 0.58528795
1078 0.82010415 0.58887582
1079 0.82336703 0.58224299
1080 0.81649380 0.58389140
1081 0.81584136 0.58677010
1082 0.82345509 0.59197954
1083 0.81478638 0.59542437
1084 0.80654144 0.59107228
1085 0.79795037 0.58865804
1086 0.79194221 0.59164492
1087 0.79672097 0.58304510
1088 0.80465803 0.57797877
1089 0.81221587 0.58162163
1090 0.80751468 0.57611363
1091 0.81435732 0.58103012
1092 0.81655557 0.57633356
1093 0.81655557 0.57633356
1094 0.81923932 0.58206555
1095 0.82654240 0.57826129
1096 0.82654240 0.57826129
1097 0.82654240 0.57826129
1098 0.82170438 0.58706751
1099 0.82538492 0.57964431
1100 0.82784505 0.58142140
1101 0.82784505 0.58142140
1102 0.83683953 0.58246792
1103 0.83871499 0.58823462
1104 0.84629761 0.58676459
1105 0.84629761 0.58676459
1106 0.83962736 0.58660475
1107 0.83109978 0.58635613
1108 0.83519717 0.59500830
1109 0.83933897 0.60092090
1110 0.83834202 0.60057621
1111 0.84468401 0.59192496
1112 0.84784252 0.59615012
1113 0.84120593 0.59556750
1114 0.83359817 0.59516187
1115 0.82370926 0.59956625
1116 0.82908877 0.59462496
1117 0.82320148 0.59377803
1118 0.82374929 0.59990811
1119 0.83076490 0.60883520
1120 0.83767264 0.60953448
1121 0.83382945 0.60530709
1122 0.83514279 0.60000382
1123 0.83514279 0.60000382
1124 0.82584298 0.59808129
1125 0.81783962 0.60550226
1126 0.82391539 0.60230583
1127 0.83030267 0.60436079
1128 0.83330317 0.59776334
1129 0.83788893 0.60194128
1130 0.83363657 0.59266398
1131 0.82462377 0.59499073
1132 0.82486379 0.58910042
1133 0.82486379 0.58910042
1134 0.82486379 0.58910042
1135 0.82664066 0.58100998
1136 0.81711775 0.57636968
1137 0.80792944 0.57903309
1138 0.81072519 0.57594130
1139 0.81270064 0.57950516
1140 0.82105641 0.58126301
1141 0.81872374 0.59034416
1142 0.81731070 0.59123568
1143 0.82466233 0.58657224
1144 0.82474680 0.57927280
1145 0.82026441 0.57945850
1146 0.81304945 0.58582696
1147 0.80594895 0.59247655
1148 0.80594895 0.59247655
1149 0.81451476 0.59540111
1150 0.80961555 0.60017972
1151 0.80961555 0.60017972
1152 0.80957537 0.59272540
1153 0.81319056 0.58969741
1154 0.82115751 0.58761027
1155 0.82115751 0.58761027
1156 0.82068499 0.58225245
1157 0.82350679 0.58810832
1158 0.81456644 0.59252941
1159 0.80998905 0.60209589
1160 0.81251192 0.60720464
1161 0.80777525 0.61410823
1162 0.81185211 0.61688096
1163 0.81038758 0.61030925
1164 0.80853761 0.60493689
1165 0.80853761 0.60493689
1166 0.81286624 0.59892572
1167 0.80953450 0.60655766
1168 0.81834094 0.60659878
1169 0.81834094 0.60659878
1170 0.82384853 0.60963378
1171 0.82228801 0.61955251
1172 0.82700565 0.61351289
1173 0.82700565 0.61351289
1174 0.81740742 0.61004299
1175 0.80813542 0.60949794
1176 0.80813542 0.60949794
1177 0.80611195 0.60568134
1178 0.80611195 0.60568134
1179 0.80284016 0.60450788
1180 0.79786858 0.60593528
1181 0.79629577 0.60073081
1182 0.78922666 0.60907447
1183 0.78575853 0.61500051
1184 0.78575853 0.61500051
1185 0.78046961 0.60642922
1186 0.78874098 0.59950023
1187 0.79160035 0.60567906
1188 0.78238650 0.61266182
1189 0.78657383 0.60468800
1190 0.78944845 0.61139073
1191 0.78944845 0.61139073
1192 0.79769011 0.60260117
1193 0.80216724 0.59987996
1194 0.81198301 0.59944459
1195 0.81198301 0.59944459
1196 0.81821213 0.60669560
1197 0.81183275 0.59772818
1198 0.81832368 0.59433938
1199 0.81961151 0.59740731
1200 0.81078496 0.59101612
1201 0.80314514 0.58254824
1202 0.79954165 0.58174610
1203 0.80830450 0.58610368
1204 0.80631169 0.59541275
1205 0.80631169 0.59541275
1206 0.81288789 0.59428590
1207 0.81545151 0.59169431
1208 0.82437331 0.59909834
1209 0.83058787 0.59438206
1210 0.82579215 0.59500348
1211 0.82042641 0.58918797
1212 0.81513837 0.59233143
1213 0.80826266 0.59097206
1214 0.81254635 0.58558118
1215 0.81561348 0.59010446
1216 0.81920682 0.59785704
1217 0.81638736 0.59428372
1218 0.80782763 0.58751955
1219 0.80782763 0.58751955
1220 0.80782763 0.58751955
1221 0.81695571 0.58136815
1222 0.80748941 0.58182156
1223 0.81528813 0.58916445
1224 0.81764461 0.59571591
1225 0.81875298 0.60105577
1226 0.81965045 0.60336388
1227 0.82095070 0.60868997
1228 0.82434996 0.61332077
1229 0.83365517 0.61194386
1230 0.83011291 0.60596277
1231 0.83011291 0.60596277
1232 0.82720553 0.61179427
1233 0.83037641 0.61666398
1234 0.83550655 0.62196032
1235 0.84434023 0.63169945
1236 0.85066863 0.63731198
1237 0.84917571 0.63385910
1238 0.84067414 0.63467598
1239 0.84067414 0.63467598
1240 0.84067414 0.63467598
1241 0.84147175 0.62963278
1242 0.84147175 0.62963278
1243 0.84974514 0.63190671
1244 0.85220086 0.63759574
1245 0.84263821 0.63387900
1246 0.83835487 0.62555035
1247 0.84018710 0.61946803
1248 0.84874458 0.62161176
1249 0.84790977 0.62086112
1250 0.84423523 0.61170755
1251 0.84071345 0.61027977
1252 0.84071345 0.61027977
1253 0.83721246 0.61491680
1254 0.84674971 0.61868539
1255 0.85348128 0.62530121
1256 0.85348128 0.62530121
1257 0.85231133 0.62208998
1258 0.86001191 0.62993369
1259 0.85678267 0.62663621
1260 0.86154195 0.62761354
1261 0.86926647 0.62154795
1262 0.86886036 0.63038242
1263 0.86886036 0.63038242
1264 0.86601535 0.63781737
1265 0.86601535 0.63781737
1266 0.86601535 0.63781737
1267 0.87283851 0.64485619
1268 0.86662685 0.65247486
1269 0.86662685 0.65247486
1270 0.86014096 0.66100835
1271 0.86014096 0.66100835
1272 0.85095669 0.65425687
1273 0.85095669 0.65425687
1274 0.84807850 0.64774127
1275 0.85001846 0.65135462
1276 0.84692510 0.66097126
1277 0.83866488 0.65515513
1278 0.83866488 0.65515513
1279 0.82956887 0.66413775
1280 0.82126686 0.65826061
1281 0.81308275 0.65656200
1282 0.81340470 0.66217511
1283 0.80947311 0.66410757
1284 0.81696236 0.67214906
1285 0.81696236 0.67214906
1286 0.81696236 0.67214906
1287 0.81696236 0.67214906
1288 0.81696236 0.67214906
1289 0.81258717 0.66419367
1290 0.81028353 0.65952235
1291 0.81631396 0.65444674
1292 0.81941114 0.65824158
1293 0.80972374 0.66187599
1294 0.81176094 0.66282134
1295 0.81902324 0.65450971
1296 0.82393490 0.64824086
1297 0.82944320 0.63943030
1298 0.82542022 0.63800756
1299 0.82542022 0.63800756
1300 0.81785962 0.64210835
1301 0.81950302 0.64761483
1302 0.81950302 0.64761483
1303 0.81779232 0.64800702
1304 0.81927992 0.64824000
1305 0.81779408 0.64299775
1306 0.81906464 0.63736283
1307 0.81705753 0.64468748
1308 0.82629665 0.64016742
1309 0.83619164 0.63701433
1310 0.83619164 0.63701433
1311 0.82876367 0.64639199
1312 0.83820941 0.64870615
1313 0.83820941 0.64870615
1314 0.83820941 0.64870615
1315 0.83348086 0.65575551
1316 0.83348086 0.65575551
1317 0.82836597 0.65228541
1318 0.82836597 0.65228541
1319 0.82605712 0.64285024
1320 0.83402864 0.63456937
1321 0.83402864 0.63456937
1322 0.83459343 0.62514836
1323 0.83459343 0.62514836
1324 0.83459343 0.62514836
1325 0.82703136 0.61555638
1326 0.82649807 0.62289068
1327 0.83630558 0.61851520
1328 0.83678172 0.61816882
1329 0.83182362 0.62477569
1330 0.82331099 0.62984417
1331 0.81457191 0.62230071
1332 0.80801201 0.63115079
1333 0.80801201 0.63115079
1334 0.80097712 0.62568992
1335 0.79493751 0.63134137
1336 0.79493751 0.63134137
1337 0.79141292 0.63272472
1338 0.79131878 0.63271620
1339 0.78500673 0.62445370
1340 0.79350242 0.62588134
1341 0.80331172 0.63282789
1342 0.79546188 0.64122509
1343 0.79533995 0.63409273
1344 0.79507956 0.63210117
1345 0.79556114 0.62268169
1346 0.80521743 0.62046782
1347 0.81447612 0.62973217
1348 0.81800135 0.62450688
1349 0.82025912 0.62653513
1350 0.82729948 0.61700244
1351 0.82729948 0.61700244
1352 0.82832014 0.62119920
1353 0.83643302 0.61927857
1354 0.84021221 0.62734618
1355 0.84105642 0.63060757
1356 0.83996737 0.63868839
1357 0.84775187 0.63763071
1358 0.84159168 0.62969661
1359 0.84159168 0.62969661
1360 0.84159168 0.62969661
1361 0.84813087 0.62562507
1362 0.85445256 0.61715646
1363 0.85445256 0.61715646
1364 0.85445256 0.61715646
1365 0.85579030 0.61495172
1366 0.84951388 0.61282873
1367 0.84354611 0.61967900
1368 0.84113266 0.62184298
1369 0.83623046 0.61339815
1370 0.83802515 0.60992391
1371 0.83744148 0.61788615
1372 0.82858771 0.62758990
1373 0.83022889 0.61976112
1374 0.83932085 0.61225910
1375 0.83638239 0.62136959
1376 0.84208938 0.62617754
1377 0.84208938 0.62617754
1378 0.84129727 0.62540473
1379 0.84129727 0.62540473
1380 0.84513093 0.63200536
1381 0.83624682 0.62636539
1382 0.83364682 0.62505233
1383 0.84339830 0.61919958
1384 0.84342724 0.61392646
1385 0.84342724 0.61392646
1386 0.84208699 0.60450549
1387 0.83761636 0.60455068
1388 0.84069997 0.60587715
1389 0.83608912 0.60450748
1390 0.83418719 0.61093689
1391 0.83418719 0.61093689
1392 0.82612655 0.60921261
1393 0.83135175 0.60621967
1394 0.83135175 0.60621967
1395 0.83135175 0.60621967
1396 0.82550384 0.60292212
1397 0.83285115 0.60544871
1398 0.83525024 0.61399166
1399 0.83525024 0.61399166
1400 0.83240819 0.60954331
1401 0.83503330 0.61377817
1402 0.84278678 0.61741815
1403 0.84278678 0.61741815
1404 0.84278678 0.61741815
1405 0.84278678 0.61741815
1406 0.84278678 0.61741815
1407 0.83669809 0.61133200
1408 0.83776098 0.61100937
1409 0.83411760 0.60234620
1410 0.83650722 0.59262714
1411 0.83069205 0.58773603
1412 0.83720717 0.59473083
1413 0.83519016 0.58657485
1414 0.83189617 0.58495009
1415 0.83005268 0.58723540
1416 0.83273921 0.58773190
1417 0.83273921 0.58773190
1418 0.82963492 0.59425201
1419 0.82963492 0.59425201
1420 0.82981887 0.59466242
1421 0.82981887 0.59466242
1422 0.82981887 0.59466242
1423 0.82654683 0.59929684
1424 0.82654683 0.59929684
1425 0.83015657 0.59411883
1426 0.83404901 0.58632713
1427 0.83165970 0.59512884
1428 0.83288149 0.59122545
1429 0.83013105 0.59839839
1430 0.83663191 0.59818454
1431 0.84287372 0.59407202
1432 0.83347793 0.59694106
1433 0.82985245 0.59485613
1434 0.83475700 0.59301120
1435 0.84224649 0.59942292
1436 0.83877950 0.60346203
1437 0.83458104 0.59538044
1438 0.84396226 0.58991023
1439 0.83798607 0.59387063
1440 0.83798607 0.59387063
1441 0.84486187 0.60080991
1442 0.84486187 0.60080991
1443 0.84486187 0.60080991
1444 0.84498054 0.60092645
1445 0.84920425 0.60636143
1446 0.84920425 0.60636143
1447 0.84920425 0.60636143
1448 0.84920425 0.60636143
1449 0.84920425 0.60636143
1450 0.84674058 0.61124854
1451 0.84150794 0.60986778
1452 0.83329713 0.60691233
1453 0.82439944 0.61273644
1454 0.83137249 0.61001957
1455 0.83137249 0.61001957
1456 0.83137249 0.61001957
1457 0.83137249 0.61001957
1458 0.82642858 0.61830996
1459 0.82430475 0.61980994
1460 0.81651578 0.62547857
1461 0.81944828 0.62286777
1462 0.80947564 0.61537212
1463 0.81777615 0.62075665
1464 0.81498325 0.61462701
1465 0.82059713 0.62250107
1466 0.82199867 0.62783696
1467 0.82212644 0.63631718
1468 0.81656890 0.63456985
1469 0.81734725 0.63712154
1470 0.81684596 0.63675683
1471 0.81381326 0.62875881
1472 0.80597810 0.63320547
1473 0.79963708 0.63033535
1474 0.80646842 0.62193879
1475 0.80988349 0.61316035
1476 0.80773910 0.61735921
1477 0.80773910 0.61735921
1478 0.80914690 0.61047896
1479 0.80492153 0.60279432
1480 0.80594747 0.59349934
1481 0.80359426 0.59489563
1482 0.80804490 0.60278453
1483 0.81335044 0.60102450
1484 0.81818471 0.60469817
1485 0.82275728 0.59874132
1486 0.82275728 0.59874132
1487 0.82275728 0.59874132
1488 0.81633806 0.60836021
1489 0.80821079 0.59973935
1490 0.80904406 0.60048813
1491 0.81216978 0.60130113
1492 0.81216978 0.60130113
1493 0.80611670 0.61049500
1494 0.80611670 0.61049500
1495 0.79825034 0.61400600
1496 0.78926517 0.60410076
1497 0.78926517 0.60410076
1498 0.79088862 0.60194352
1499 0.80059576 0.61191894
1500 0.79533796 0.61836648
1501 0.79331957 0.61961815
1502 0.79396408 0.61550022
1503 0.78831651 0.61802260
1504 0.78925069 0.62225740
1505 0.78420292 0.62620555
1506 0.79011724 0.62083870
1507 0.79011724 0.62083870
1508 0.78208069 0.62236385
1509 0.77402904 0.61535190
1510 0.76844093 0.61759223
1511 0.76844093 0.61759223
1512 0.77698745 0.62223935
1513 0.78139293 0.61339373
1514 0.77564878 0.61462035
1515 0.77531957 0.61304808
1516 0.76797508 0.61060190
1517 0.76797508 0.61060190
1518 0.76797508 0.61060190
1519 0.77616168 0.60390883
1520 0.76904433 0.59845705
1521 0.76418853 0.60668786
1522 0.76913749 0.60330788
1523 0.77223790 0.60099197
1524 0.77223790 0.60099197
1525 0.76869566 0.59559462
1526 0.76869566 0.59559462
1527 0.76691882 0.59959758
1528 0.76148030 0.59641344
1529 0.76722399 0.60614195
1530 0.76906153 0.60848100
1531 0.76415386 0.61189349
1532 0.76623913 0.61246020
1533 0.77117690 0.61106156
1534 0.76279346 0.60830755
1535 0.76260254 0.61617650
1536 0.77057076 0.61999165
1537 0.76903669 0.62139608
1538 0.77315143 0.61983082
1539 0.77315143 0.61983082
1540 0.77315143 0.61983082
1541 0.77315143 0.61983082
1542 0.77062642 0.62365284
1543 0.76093663 0.63078444
1544 0.76676954 0.63251851
1545 0.76971553 0.63877644
1546 0.76443017 0.64080583
1547 0.76362825 0.64370723
1548 0.75388132 0.64744414
1549 0.75667467 0.64162025
1550 0.75255502 0.63600407
1551 0.74507573 0.63120417
1552 0.75313930 0.62253355
1553 0.75074708 0.62531493
1554 0.75941197 0.61739507
1555 0.75615648 0.62435814
1556 0.75615648 0.62435814
1557 0.75600827 0.62333888
1558 0.76333158 0.62693576
1559 0.76354167 0.62827089
1560 0.76284697 0.61966833
1561 0.76585209 0.62013113
1562 0.77218297 0.61388625
1563 0.77942882 0.61175527
1564 0.77393060 0.61443652
1565 0.78339270 0.60679510
1566 0.79266302 0.60280119
1567 0.78553240 0.60765418
1568 0.78659639 0.59960288
1569 0.78659639 0.59960288
1570 0.78659639 0.59960288
1571 0.78659639 0.59960288
1572 0.78068455 0.60210316
1573 0.78068455 0.60210316
1574 0.78068455 0.60210316
1575 0.77112790 0.60492166
1576 0.77112790 0.60492166
1577 0.77524873 0.61291374
1578 0.76884978 0.61736010
1579 0.76878532 0.62735847
1580 0.77255752 0.62432009
1581 0.77212014 0.61970724
1582 0.77951126 0.62527204
1583 0.77963694 0.61650753
1584 0.78730560 0.61840063
1585 0.78557485 0.62079254
1586 0.79471249 0.61886831
1587 0.79527370 0.62676165
1588 0.80416671 0.63119010
1589 0.79516824 0.62130394
1590 0.79260308 0.62089609
1591 0.79743530 0.61544384
1592 0.79743530 0.61544384
1593 0.79278194 0.61963785
1594 0.79679261 0.61684639
1595 0.79679261 0.61684639
1596 0.79928215 0.61068060
1597 0.79928215 0.61068060
1598 0.80680362 0.61708359
1599 0.80356063 0.60890235
1600 0.81065560 0.61549862
1601 0.82018992 0.61838753
1602 0.82584796 0.62421401
1603 0.83184220 0.63399407
1604 0.83189191 0.62944109
1605 0.83353324 0.62672895
1606 0.83057985 0.63567187
1607 0.83057985 0.63567187
1608 0.83707408 0.64120161
1609 0.83393820 0.64110708
1610 0.83197347 0.64400212
1611 0.83090329 0.63501524
1612 0.82510640 0.63746571
1613 0.82578487 0.64079829
1614 0.82144433 0.63330090
1615 0.82144433 0.63330090
1616 0.82801416 0.62969240
1617 0.82801416 0.62969240
1618 0.82801416 0.62969240
1619 0.82138872 0.62226008
1620 0.81625274 0.61298980
1621 0.81243812 0.61198781
1622 0.80741954 0.61588325
1623 0.80741954 0.61588325
1624 0.79991815 0.61490920
1625 0.79991815 0.61490920
1626 0.79991815 0.61490920
1627 0.80601494 0.61296659
1628 0.79833831 0.60475752
1629 0.79573256 0.61073203
1630 0.79004984 0.61918564
1631 0.79004984 0.61918564
1632 0.79004984 0.61918564
1633 0.79004984 0.61918564
1634 0.78794391 0.62028485
1635 0.78794391 0.62028485
1636 0.78947469 0.61781575
1637 0.78389099 0.60954694
1638 0.77810584 0.61440588
1639 0.78229219 0.61092746
1640 0.78761484 0.62046950
1641 0.78704298 0.61873753
1642 0.79133001 0.61170333
1643 0.78324779 0.61320795
1644 0.77854752 0.60882119
1645 0.77864296 0.61746342
1646 0.78580222 0.62563885
1647 0.77736992 0.61639503
1648 0.78412546 0.61869111
1649 0.78077170 0.62385294
1650 0.78077170 0.62385294
1651 0.77826938 0.62620573
1652 0.77826938 0.62620573
1653 0.76893347 0.61855387
1654 0.77780072 0.62660679
1655 0.77780072 0.62660679
1656 0.78429253 0.61874692
1657 0.79264789 0.62602992
1658 0.79319057 0.62277792
1659 0.78817047 0.62156660
1660 0.78817047 0.62156660
1661 0.79555502 0.61726517
1662 0.80213189 0.60918732
1663 0.79457839 0.61162081
1664 0.79457839 0.61162081
1665 0.80369930 0.61561464
1666 0.80432452 0.62301076
1667 0.81188604 0.61401231
1668 0.80590243 0.62167079
1669 0.79948905 0.61766097
1670 0.79189651 0.60976441
1671 0.79189651 0.60976441
1672 0.79189651 0.60976441
1673 0.79189651 0.60976441
1674 0.79189651 0.60976441
1675 0.79432091 0.61533684
1676 0.80003802 0.61599338
1677 0.80002638 0.61932382
1678 0.80032095 0.61042654
1679 0.80323971 0.60608449
1680 0.81307912 0.61098630
1681 0.80524790 0.60358549
1682 0.80524790 0.60358549
1683 0.80155516 0.59586812
1684 0.79759711 0.59127120
1685 0.79351052 0.58809654
1686 0.78769468 0.58906651
1687 0.79410178 0.59091033
1688 0.79477909 0.59571480
1689 0.79477909 0.59571480
1690 0.79105482 0.59418871
1691 0.78925335 0.58827930
1692 0.78925335 0.58827930
1693 0.78424850 0.59118541
1694 0.78734858 0.59163261
1695 0.79129344 0.58225296
1696 0.78704338 0.58811594
1697 0.78704338 0.58811594
1698 0.78799033 0.58426519
1699 0.79150173 0.58937521
1700 0.79329732 0.59005407
1701 0.79448145 0.59653164
1702 0.79986000 0.60426560
1703 0.80243061 0.60749393
1704 0.80646311 0.60117109
1705 0.79859465 0.60147568
1706 0.80376678 0.60669615
1707 0.80603363 0.59979772
1708 0.80140133 0.60789745
1709 0.80575354 0.59858477
1710 0.81554651 0.60563538
1711 0.81213136 0.61512094
1712 0.81341878 0.61435851
1713 0.81341878 0.61435851
1714 0.81890008 0.61614229
1715 0.81890008 0.61614229
1716 0.81126338 0.61488329
1717 0.81577635 0.60986615
1718 0.82124858 0.60364679
1719 0.82870321 0.60412985
1720 0.82156693 0.59851786
1721 0.82144019 0.58979092
1722 0.81687903 0.59074182
1723 0.81344229 0.59128354
1724 0.81344229 0.59128354
1725 0.81309717 0.59502382
1726 0.80854238 0.59084911
1727 0.80712829 0.58613329
1728 0.81707129 0.58715334
1729 0.82087398 0.58636361
1730 0.81426106 0.59188586
1731 0.80889624 0.59310022
1732 0.81575300 0.58780445
1733 0.81016308 0.59692032
1734 0.80048703 0.60482527
1735 0.80951959 0.61399924
1736 0.80455094 0.62267304
1737 0.80455094 0.62267304
1738 0.79743751 0.62245092
1739 0.79743751 0.62245092
1740 0.80343372 0.61364790
1741 0.79869196 0.60553683
1742 0.79775954 0.60643026
1743 0.79425902 0.60849166
1744 0.79425902 0.60849166
1745 0.80333013 0.61531693
1746 0.80087138 0.60580897
1747 0.79797215 0.60899871
1748 0.78905823 0.61618694
1749 0.78905823 0.61618694
1750 0.78200719 0.61606015
1751 0.78454378 0.61150132
1752 0.77805070 0.61651671
1753 0.78078269 0.60698252
1754 0.77623412 0.60398610
1755 0.77623412 0.60398610
1756 0.78374216 0.59836645
1757 0.77548513 0.60392117
1758 0.77226056 0.60637171
1759 0.77226056 0.60637171
1760 0.78006626 0.60740043
1761 0.78529926 0.60852059
1762 0.78614133 0.60667151
1763 0.79125778 0.61373506
1764 0.78825936 0.60607178
1765 0.78776785 0.61143334
1766 0.78776785 0.61143334
1767 0.78776785 0.61143334
1768 0.78776785 0.61143334
1769 0.78921406 0.61829642
1770 0.79068298 0.61440363
1771 0.79224098 0.61566555
1772 0.79821438 0.61693125
1773 0.79821438 0.61693125
1774 0.79876228 0.61556280
1775 0.79876228 0.61556280
1776 0.79655929 0.61875320
1777 0.80420585 0.61202008
1778 0.80441508 0.60764747
1779 0.80342856 0.60132094
1780 0.80867703 0.59781226
1781 0.80920516 0.59753291
1782 0.80920516 0.59753291
1783 0.80920516 0.59753291
1784 0.80238475 0.58829942
1785 0.79812966 0.59765471
1786 0.80592851 0.59960059
1787 0.80592851 0.59960059
1788 0.80203343 0.60242058
1789 0.79236300 0.60352245
1790 0.80103695 0.59543301
1791 0.80175123 0.59707480
1792 0.79861628 0.59413269
1793 0.79861628 0.59413269
1794 0.79861628 0.59413269
1795 0.79577847 0.58508702
1796 0.78895630 0.58088841
1797 0.79225195 0.58083633
1798 0.78863206 0.57858580
1799 0.78863206 0.57858580
1800 0.78863206 0.57858580
1801 0.78863206 0.57858580
1802 0.79502717 0.58578590
1803 0.78535434 0.59314282
1804 0.78466279 0.59506394
1805 0.77615626 0.60171598
1806 0.78013561 0.60128142
1807 0.77340872 0.60185441
1808 0.76856958 0.60027020
1809 0.76480846 0.60958453
1810 0.76480846 0.60958453
1811 0.77027131 0.61746727
1812 0.77092950 0.60851848
1813 0.77073981 0.60696392
1814 0.76462220 0.60994010
1815 0.77250636 0.60092668
1816 0.77250636 0.60092668
1817 0.76672549 0.60415683
1818 0.76463954 0.61325195
1819 0.76108226 0.61008527
1820 0.75348089 0.60210951
1821 0.74705328 0.61154934
1822 0.75298126 0.61928808
1823 0.75417168 0.62125174
1824 0.75600283 0.61652272
1825 0.74708802 0.61997122
1826 0.75521263 0.62108695
1827 0.76511796 0.62557080
1828 0.76114885 0.62155640
1829 0.76349482 0.61190319
1830 0.76935233 0.61883477
1831 0.76935233 0.61883477
1832 0.76032741 0.61194887
1833 0.76139608 0.60424104
1834 0.76139608 0.60424104
1835 0.76932129 0.59735293
1836 0.77820149 0.59957010
1837 0.77304038 0.60511882
1838 0.76573198 0.60374479
1839 0.76573198 0.60374479
1840 0.76171117 0.60399726
1841 0.77079155 0.61328419
1842 0.77509228 0.60445470
1843 0.77807126 0.59844838
1844 0.77262463 0.60586392
1845 0.78217206 0.61492689
1846 0.77595908 0.60537961
1847 0.77595908 0.60537961
1848 0.78029495 0.61315512
1849 0.77242122 0.60343791
1850 0.77242122 0.60343791
1851 0.77242122 0.60343791
1852 0.77256037 0.60538410
1853 0.77433014 0.60894228
1854 0.77361156 0.59926491
1855 0.77361156 0.59926491
1856 0.77361156 0.59926491
1857 0.77361156 0.59926491
1858 0.77361156 0.59926491
1859 0.77832523 0.60253606
1860 0.76999921 0.59792058
1861 0.77983316 0.59586952
1862 0.78914666 0.59152957
1863 0.79408537 0.59762939
1864 0.80056239 0.59456874
1865 0.80056239 0.59456874
1866 0.80056239 0.59456874
1867 0.79497395 0.60448732
1868 0.78886107 0.61318091
1869 0.78072593 0.61239287
1870 0.78072593 0.61239287
1871 0.78072593 0.61239287
1872 0.77927170 0.60266642
1873 0.78466242 0.60675246
1874 0.78051708 0.61447474
1875 0.78965066 0.62202800
1876 0.79313277 0.62370545
1877 0.79227391 0.62663995
1878 0.78828989 0.62492843
1879 0.79329315 0.62247259
1880 0.79212959 0.61792409
1881 0.79914044 0.62663189
1882 0.80462844 0.62660926
1883 0.81102319 0.61670154
1884 0.80822630 0.60858962
1885 0.80129613 0.61331208
1886 0.79745241 0.61528074
1887 0.79097095 0.62019017
1888 0.79369932 0.62390264
1889 0.79369932 0.62390264
1890 0.79714816 0.63095726
1891 0.79405298 0.63660457
1892 0.79073022 0.64155752
1893 0.79073022 0.64155752
1894 0.78446209 0.63681285
1895 0.78733655 0.62712143
1896 0.78978445 0.63545612
1897 0.79603157 0.64513246
1898 0.79621623 0.64947532
1899 0.79691027 0.64024253
1900 0.79842626 0.63657185
1901 0.79026047 0.63912714
1902 0.79085000 0.63320554
1903 0.80076240 0.63570738
1904 0.79722669 0.62648709
1905 0.79722669 0.62648709
1906 0.79612668 0.62120717
1907 0.80108477 0.61286106
1908 0.80108477 0.61286106
1909 0.80108477 0.61286106
1910 0.79760370 0.61485742
1911 0.79125105 0.62072398
1912 0.79162162 0.61305406
1913 0.79667667 0.61607312
1914 0.80572387 0.62324744
1915 0.80788720 0.61703347
1916 0.80788720 0.61703347
1917 0.80788720 0.61703347
1918 0.80788720 0.61703347
1919 0.80268184 0.61776034
1920 0.81042586 0.61267858
1921 0.81042586 0.61267858
1922 0.80735524 0.62122276
1923 0.80122295 0.63053714
1924 0.80349836 0.62540054
1925 0.79396590 0.63443521
1926 0.79931704 0.63853628
1927 0.79291554 0.64631897
1928 0.79291554 0.64631897
1929 0.79291554 0.64631897
1930 0.79291554 0.64631897
1931 0.80179234 0.64459154
1932 0.79462165 0.64299365
1933 0.79002557 0.64212621
1934 0.78235862 0.64377082
1935 0.78461609 0.64932351
1936 0.78461609 0.64932351
1937 0.79391009 0.64354654
1938 0.79504779 0.64047394
1939 0.79881605 0.64555064
1940 0.79980808 0.64328026
1941 0.79988907 0.63545330
1942 0.80653132 0.63323189
1943 0.80653132 0.63323189
1944 0.80653132 0.63323189
1945 0.81283093 0.63281753
1946 0.81845042 0.64094516
1947 0.82793277 0.63691199
1948 0.82126076 0.63904418
1949 0.82126076 0.63904418
1950 0.82126076 0.63904418
1951 0.81516095 0.63951452
1952 0.80951351 0.63828550
1953 0.81675466 0.64007945
1954 0.81679369 0.63125270
1955 0.81638376 0.63722579
1956 0.81417817 0.63639616
1957 0.81590681 0.63597694
1958 0.81359747 0.63966235
1959 0.80529342 0.64561723
1960 0.80529342 0.64561723
1961 0.80529342 0.64561723
1962 0.79599169 0.64741719
1963 0.79599169 0.64741719
1964 0.79599169 0.64741719
1965 0.80546663 0.65219647
1966 0.80546663 0.65219647
1967 0.80336115 0.64878539
1968 0.80336115 0.64878539
1969 0.80336115 0.64878539
1970 0.80336115 0.64878539
1971 0.79975592 0.64718903
1972 0.79895477 0.63789804
1973 0.79686539 0.64009970
1974 0.79686539 0.64009970
1975 0.80418770 0.63164674
1976 0.80817438 0.62329005
1977 0.79819542 0.61467650
1978 0.80320110 0.62152518
1979 0.80714874 0.61941092
1980 0.79852036 0.62288570
1981 0.79760393 0.61952992
1982 0.79760393 0.61952992
1983 0.80540257 0.62242423
1984 0.81488224 0.61803375
1985 0.81704883 0.62217738
1986 0.81704883 0.62217738
1987 0.81704883 0.62217738
1988 0.81034538 0.61655828
1989 0.80528163 0.61240564
1990 0.79782711 0.61220413
1991 0.78961246 0.61203962
1992 0.78126727 0.61221749
1993 0.77938610 0.61373447
1994 0.77938610 0.61373447
1995 0.77665844 0.60450816
1996 0.77165266 0.60647348
1997 0.77635095 0.61444626
1998 0.78249589 0.62341895
1999 0.79189681 0.62868427
2000 0.79337493 0.62449367
2001 0.79846005 0.62226301
2002 0.79846005 0.62226301
2003 0.79128026 0.62036125
2004 0.78326130 0.62646662
2005 0.79175925 0.62238493
2006 0.79175925 0.62238493
2007 0.79175925 0.62238493
2008 0.78712071 0.62768818
2009 0.78738579 0.61967181
2010 0.78747323 0.61888872
2011 0.78184663 0.62736072
2012 0.78220066 0.63462302
2013 0.78204576 0.63709604
2014 0.78286507 0.64630776
2015 0.77673979 0.63914847
2016 0.77652520 0.64544064
2017 0.77652520 0.64544064
2018 0.77267569 0.64250798
2019 0.77267569 0.64250798
2020 0.77412030 0.63443940
2021 0.78098513 0.64112183
2022 0.78098513 0.64112183
2023 0.77717591 0.63328932
2024 0.77417503 0.62346566
2025 0.76861996 0.62268324
2026 0.76861996 0.62268324
2027 0.76911343 0.62560284
2028 0.77851267 0.62053217
2029 0.77851267 0.62053217
2030 0.77362743 0.61917357
2031 0.77915290 0.61950490
2032 0.78733574 0.62624488
2033 0.78322524 0.62521010
2034 0.78674854 0.63425199
2035 0.78674854 0.63425199
2036 0.78674854 0.63425199
2037 0.79547561 0.64420785
2038 0.79262564 0.64874223
2039 0.79262564 0.64874223
2040 0.79262564 0.64874223
2041 0.78416203 0.64745688
2042 0.79415217 0.64954440
2043 0.78471417 0.63979415
2044 0.77704520 0.63605971
2045 0.77500298 0.63424350
2046 0.77993126 0.63638554
2047 0.78234254 0.64125604
2048 0.78234254 0.64125604
2049 0.78195122 0.63924898
2050 0.78195122 0.63924898
2051 0.77457905 0.63044188
2052 0.77316357 0.63501265
2053 0.77588608 0.64304190
2054 0.77588608 0.64304190
2055 0.77588608 0.64304190
2056 0.78272468 0.63414654
2057 0.78272468 0.63414654
2058 0.77437996 0.63182319
2059 0.76655112 0.63467923
2060 0.77245283 0.63201982
2061 0.77603975 0.63532990
2062 0.76904719 0.63249442
2063 0.76716553 0.63849144
2064 0.76716553 0.63849144
2065 0.77475538 0.63212028
2066 0.78399119 0.64084206
2067 0.78141475 0.64296076
2068 0.77866421 0.63915597
2069 0.78434076 0.64483935
2070 0.78920406 0.64172187
2071 0.78920406 0.64172187
2072 0.78767725 0.64146587
2073 0.78232172 0.64656911
2074 0.78603617 0.63662445
2075 0.77851620 0.64484802
2076 0.78295096 0.63848532
2077 0.78026339 0.63066713
2078 0.77205737 0.63224724
2079 0.77502972 0.63961126
2080 0.76663833 0.63129369
2081 0.77415081 0.63227164
2082 0.77168120 0.63418958
2083 0.77413854 0.62920752
2084 0.77918550 0.63585701
2085 0.78577228 0.64199495
2086 0.78407761 0.64125922
2087 0.78822792 0.63229153
2088 0.79644575 0.63249494
2089 0.79644575 0.63249494
2090 0.80038781 0.62830947
2091 0.79521609 0.62392835
2092 0.79612709 0.62751223
2093 0.79817422 0.62043312
2094 0.79190996 0.62759107
2095 0.79190996 0.62759107
2096 0.78722548 0.61946105
2097 0.78851107 0.62929567
2098 0.78851107 0.62929567
2099 0.78851107 0.62929567
2100 0.77910067 0.63587185
2101 0.77248403 0.64164902
2102 0.78163671 0.63895227
2103 0.78350691 0.64607116
2104 0.79074775 0.64025602
2105 0.79345366 0.64274504
2106 0.79769030 0.64262006
2107 0.79853082 0.64435277
2108 0.80399511 0.63860896
2109 0.80798441 0.64829364
2110 0.80314483 0.64649466
2111 0.80314483 0.64649466
2112 0.79482415 0.64681385
2113 0.80309415 0.64371772
2114 0.80309415 0.64371772
2115 0.79996454 0.63381755
2116 0.80463210 0.64213297
2117 0.80463210 0.64213297
2118 0.81238879 0.63822949
2119 0.81700567 0.63790159
2120 0.81812787 0.63544174
2121 0.81477077 0.63534459
2122 0.81554541 0.63873279
2123 0.81934808 0.63510179
2124 0.81797877 0.63763360
2125 0.82283425 0.63039751
2126 0.82283425 0.63039751
2127 0.82283425 0.63039751
2128 0.81788921 0.62444847
2129 0.81053285 0.62191213
2130 0.81686462 0.62276911
2131 0.81686462 0.62276911
2132 0.81686462 0.62276911
2133 0.81686462 0.62276911
2134 0.81173594 0.62787970
2135 0.81634119 0.62028473
2136 0.81712514 0.61365490
2137 0.81442794 0.60453079
2138 0.80750567 0.60706821
2139 0.81659719 0.60634230
2140 0.82329204 0.61131936
2141 0.82650936 0.61213615
2142 0.82460553 0.60287751
2143 0.81507751 0.59712129
2144 0.80725476 0.59316293
2145 0.80669591 0.59697469
2146 0.80669591 0.59697469
2147 0.79997290 0.60253742
2148 0.80349884 0.60615291
2149 0.79869959 0.60663012
2150 0.79416692 0.61241862
2151 0.78507935 0.61198720
2152 0.79079246 0.60736772
2153 0.79079246 0.60736772
2154 0.79137999 0.61263935
2155 0.79137999 0.61263935
2156 0.78785723 0.61238746
2157 0.78483097 0.61747067
2158 0.79310111 0.62155579
2159 0.78773352 0.61896807
2160 0.78773352 0.61896807
2161 0.78773352 0.61896807
2162 0.79771847 0.61765319
2163 0.79124618 0.61529515
2164 0.79124618 0.61529515
2165 0.79743226 0.61305772
2166 0.80111858 0.61448253
2167 0.80485843 0.60462466
2168 0.80417933 0.59689932
2169 0.79897676 0.59589846
2170 0.79431805 0.59890078
2171 0.79431805 0.59890078
2172 0.79122409 0.59268824
2173 0.79122409 0.59268824
2174 0.79122409 0.59268824
2175 0.79630353 0.60064143
2176 0.80572539 0.60871198
2177 0.81366323 0.60379949
2178 0.82215063 0.60966194
2179 0.81890475 0.59971021
2180 0.82680823 0.59221400
2181 0.82680823 0.59221400
2182 0.82683714 0.58605404
2183 0.82683714 0.58605404
2184 0.82683714 0.58605404
2185 0.82683714 0.58605404
2186 0.82617964 0.59034918
2187 0.82617964 0.59034918
2188 0.83089717 0.58894643
2189 0.83089717 0.58894643
2190 0.82555490 0.57909752
2191 0.82555490 0.57909752
2192 0.82127244 0.58672393
2193 0.81168436 0.59431658
2194 0.80833338 0.59560059
2195 0.80385523 0.59855445
2196 0.80385523 0.59855445
2197 0.79606591 0.59329940
2198 0.79606591 0.59329940
2199 0.80440044 0.59996430
2200 0.80440044 0.59996430
2201 0.79720371 0.59357567
2202 0.80242375 0.60116299
2203 0.80242375 0.60116299
2204 0.80405230 0.60903329
2205 0.81038704 0.61363170
2206 0.80456993 0.61144745
2207 0.80172896 0.61370200
2208 0.80562223 0.61599801
2209 0.80562223 0.61599801
2210 0.80693170 0.62230970
2211 0.80275495 0.61240291
2212 0.80421476 0.60915872
2213 0.80421476 0.60915872
2214 0.80261264 0.61196927
2215 0.80498202 0.61915905
2216 0.79690379 0.62285672
2217 0.80554562 0.62894709
2218 0.81431521 0.62890945
2219 0.81241569 0.62467384
2220 0.81274066 0.62493422
2221 0.82066735 0.62793348
2222 0.82066735 0.62793348
2223 0.82066735 0.62793348
2224 0.82066735 0.62793348
2225 0.82066735 0.62793348
2226 0.81913293 0.63610242
2227 0.80939746 0.63689113
2228 0.80939746 0.63689113
2229 0.80736901 0.63833963
2230 0.80736901 0.63833963
2231 0.81698297 0.63618882
2232 0.81698297 0.63618882
2233 0.81698297 0.63618882
2234 0.80895418 0.63520178
2235 0.81878104 0.62803550
2236 0.82539081 0.62860842
2237 0.83163654 0.63755196
2238 0.82353600 0.64670194
2239 0.81868123 0.63923845
2240 0.81868123 0.63923845
2241 0.82796342 0.64526140
2242 0.83583790 0.64312114
2243 0.83583790 0.64312114
2244 0.83583790 0.64312114
2245 0.82813898 0.63707522
2246 0.81877939 0.63184167
2247 0.81393928 0.62598805
2248 0.80785983 0.61971435
2249 0.80994257 0.62755140
2250 0.81501930 0.63237504
2251 0.82327962 0.62555108
2252 0.82327962 0.62555108
2253 0.82985997 0.63440030
2254 0.82985997 0.63440030
2255 0.82985997 0.63440030
2256 0.82985997 0.63440030
2257 0.82985997 0.63440030
2258 0.82213358 0.63987296
2259 0.82213358 0.63987296
2260 0.82213358 0.63987296
2261 0.81385871 0.64568064
2262 0.81385871 0.64568064
2263 0.82179468 0.65346325
2264 0.81417815 0.65199562
2265 0.82115568 0.65164195
2266 0.82115568 0.65164195
2267 0.82115568 0.65164195
2268 0.82665383 0.65892426
2269 0.82665383 0.65892426
2270 0.81969452 0.66265141
2271 0.81969452 0.66265141
2272 0.82917338 0.65398228
2273 0.82688367 0.65544508
2274 0.82169471 0.65034665
2275 0.82169471 0.65034665
2276 0.81692371 0.65073667
2277 0.80772811 0.64960441
2278 0.80772811 0.64960441
2279 0.81570367 0.65276905
2280 0.81570367 0.65276905
2281 0.81570367 0.65276905
2282 0.81570367 0.65276905
2283 0.81528106 0.65118899
2284 0.81301746 0.64946413
2285 0.80736779 0.64208503
2286 0.80663591 0.63814836
2287 0.81171949 0.63517206
2288 0.81171949 0.63517206
2289 0.81171949 0.63517206
2290 0.80999959 0.62518609
2291 0.80367568 0.61711829
2292 0.80101134 0.62663919
2293 0.79106238 0.62922345
2294 0.79106238 0.62922345
2295 0.79972918 0.62212740
2296 0.79972918 0.62212740
2297 0.80478382 0.62942368
2298 0.81235932 0.62857180
2299 0.80906101 0.62560019
2300 0.80080725 0.61580680
2301 0.80652381 0.62539447
2302 0.80979975 0.62617477
2303 0.80415559 0.61747891
2304 0.80588585 0.62429895
2305 0.80588585 0.62429895
2306 0.80563774 0.61859763
2307 0.79980767 0.62503362
2308 0.79311126 0.61538037
2309 0.79173060 0.61898510
2310 0.79173060 0.61898510
2311 0.79173060 0.61898510
2312 0.79622300 0.62039552
2313 0.79622300 0.62039552
2314 0.78731534 0.61979192
2315 0.79483794 0.61606046
2316 0.78562636 0.60696293
2317 0.79222558 0.61410326
2318 0.79791813 0.60918520
2319 0.80673740 0.61552703
2320 0.80605628 0.61640266
2321 0.80605628 0.61640266
2322 0.81025577 0.61242559
2323 0.81025577 0.61242559
2324 0.81025577 0.61242559
2325 0.81846545 0.60439512
2326 0.81912911 0.61262287
2327 0.82609170 0.60423422
2328 0.81840402 0.60816388
2329 0.81990001 0.60515655
2330 0.81990001 0.60515655
2331 0.82469341 0.61100700
2332 0.81942588 0.60306983
2333 0.81942588 0.60306983
2334 0.82119742 0.61184322
2335 0.83051385 0.61373128
2336 0.83276383 0.62185483
2337 0.84176576 0.61252562
2338 0.84176576 0.61252562
2339 0.84244395 0.61398404
2340 0.84760860 0.61997275
2341 0.84760860 0.61997275
2342 0.84829233 0.61756287
2343 0.84829233 0.61756287
2344 0.84548626 0.61567714
2345 0.83673244 0.61798018
2346 0.83728886 0.61196912
2347 0.83728886 0.61196912
2348 0.83728886 0.61196912
2349 0.82760817 0.61724313
2350 0.82760817 0.61724313
2351 0.81987651 0.61953676
2352 0.81987651 0.61953676
2353 0.82204827 0.62123164
2354 0.81691006 0.62575292
2355 0.81691006 0.62575292
2356 0.82294737 0.61959220
2357 0.82110356 0.62949764
2358 0.82110356 0.62949764
2359 0.82110356 0.62949764
2360 0.82110356 0.62949764
2361 0.82110356 0.62949764
2362 0.81519968 0.63678961
2363 0.81519968 0.63678961
2364 0.81519968 0.63678961
2365 0.81519968 0.63678961
2366 0.80664317 0.62959931
2367 0.81347152 0.63841781
2368 0.81146788 0.63522377
2369 0.82048382 0.63202019
2370 0.82139333 0.63793165
2371 0.81910026 0.63211463
2372 0.81910026 0.63211463
2373 0.82649221 0.62352020
2374 0.83008874 0.63022685
2375 0.83816177 0.64001747
2376 0.84448689 0.63525324
2377 0.85441418 0.62695035
2378 0.85441418 0.62695035
2379 0.85441418 0.62695035
2380 0.85863283 0.61855118
2381 0.85214660 0.61946520
2382 0.85214660 0.61946520
2383 0.85214660 0.61946520
2384 0.84601802 0.61843362
2385 0.84235240 0.62108443
2386 0.84964189 0.61644490
2387 0.84593878 0.62490544
2388 0.83794822 0.61691046
2389 0.83215882 0.60703474
2390 0.82655507 0.59892752
2391 0.82341083 0.60803119
2392 0.81917809 0.60403170
2393 0.81761626 0.60901766
2394 0.82627783 0.61470043
2395 0.82178532 0.61531513
2396 0.81611047 0.60576897
2397 0.81611047 0.60576897
2398 0.82328931 0.60796551
2399 0.82299971 0.61527890
2400 0.82938942 0.61315498
2401 0.83501409 0.60647383
2402 0.83413430 0.60391459
2403 0.83413430 0.60391459
2404 0.83183127 0.61284593
2405 0.83183127 0.61284593
2406 0.83307343 0.62119329
2407 0.83307343 0.62119329
2408 0.83324235 0.62993759
2409 0.84245284 0.62358855
2410 0.84245284 0.62358855
2411 0.84522451 0.61906242
2412 0.84522451 0.61906242
2413 0.84245840 0.62574429
2414 0.84359544 0.62611323
2415 0.85258507 0.63491279
2416 0.85258507 0.63491279
2417 0.85245137 0.63253963
2418 0.84369462 0.63445451
2419 0.84369462 0.63445451
2420 0.84369462 0.63445451
2421 0.84369462 0.63445451
2422 0.84369462 0.63445451
2423 0.83913045 0.63197191
2424 0.83124214 0.62638798
2425 0.84062448 0.62303452
2426 0.84062448 0.62303452
2427 0.83399713 0.62902215
2428 0.82747427 0.63186648
2429 0.82313930 0.63958229
2430 0.82516523 0.63774851
2431 0.83325392 0.64019984
2432 0.82896530 0.64603777
2433 0.81950706 0.64155653
2434 0.81492140 0.64589636
2435 0.80858189 0.65265514
2436 0.81246096 0.64279308
2437 0.81246096 0.64279308
2438 0.81246096 0.64279308
2439 0.81093286 0.63703023
2440 0.81557681 0.63646094
2441 0.81479635 0.63254442
2442 0.80547571 0.62956419
2443 0.80013831 0.62508035
2444 0.80013831 0.62508035
2445 0.80013831 0.62508035
2446 0.80013831 0.62508035
2447 0.80013831 0.62508035
2448 0.81005665 0.61695595
2449 0.80948226 0.61768029
2450 0.80471851 0.62611211
2451 0.79810374 0.61885081
2452 0.79597737 0.62451318
2453 0.79733980 0.62007533
2454 0.79733980 0.62007533
2455 0.79479279 0.61634769
2456 0.79316620 0.61868039
2457 0.78802921 0.61261433
2458 0.79457048 0.62153995
2459 0.79457048 0.62153995
2460 0.79080373 0.61713733
2461 0.79516070 0.62710701
2462 0.78651397 0.62886023
2463 0.77916866 0.62775707
2464 0.78639040 0.61990517
2465 0.78606340 0.61699207
2466 0.78606340 0.61699207
2467 0.78400026 0.62689984
2468 0.78400026 0.62689984
2469 0.77971819 0.62153725
2470 0.77971819 0.62153725
2471 0.77971819 0.62153725
2472 0.77744532 0.62787843
2473 0.77383636 0.62519639
2474 0.77383636 0.62519639
2475 0.77383636 0.62519639
2476 0.77383636 0.62519639
2477 0.78035156 0.62118505
2478 0.78630684 0.62851286
2479 0.78108731 0.62110895
2480 0.78705118 0.61941275
2481 0.78705118 0.61941275
2482 0.78506856 0.60945030
2483 0.78506856 0.60945030
2484 0.78526353 0.60533377
2485 0.77640691 0.60495226
2486 0.77640691 0.60495226
2487 0.76686093 0.61404418
2488 0.76308375 0.62260180
2489 0.76381164 0.62731704
2490 0.76381164 0.62731704
2491 0.77309759 0.62982880
2492 0.77418285 0.62083819
2493 0.78035703 0.62239862
2494 0.77533435 0.62422626
2495 0.77716384 0.61532084
2496 0.77616067 0.60940003
2497 0.77616067 0.60940003
2498 0.76823200 0.60173045
2499 0.77213022 0.60130895
2500 0.77480184 0.60446212
2501 0.76511978 0.61437090
2502 0.76511978 0.61437090
2503 0.76511978 0.61437090
2504 0.76511978 0.61437090
2505 0.77404947 0.60981698
2506 0.77404947 0.60981698
2507 0.77404947 0.60981698
2508 0.77404947 0.60981698
2509 0.77899308 0.60163195
2510 0.77815893 0.60276839
2511 0.77910373 0.59667742
2512 0.78440632 0.59326767
2513 0.79162555 0.59624986
2514 0.79162555 0.59624986
2515 0.79162555 0.59624986
2516 0.79162555 0.59624986
2517 0.80095890 0.60599313
2518 0.80069773 0.60987860
2519 0.80819351 0.60403005
2520 0.80819351 0.60403005
2521 0.80819351 0.60403005
2522 0.80819351 0.60403005
2523 0.81573869 0.60951240
2524 0.82351428 0.61055575
2525 0.82351428 0.61055575
2526 0.82351428 0.61055575
2527 0.81634867 0.60448784
2528 0.80783246 0.60947748
2529 0.79939798 0.60744335
2530 0.80712284 0.61046770
2531 0.79877650 0.61562469
2532 0.79877650 0.61562469
2533 0.79599223 0.61645146
2534 0.80314832 0.62429677
2535 0.79724233 0.63301520
2536 0.80272625 0.63475755
2537 0.79514615 0.63166823
2538 0.79454992 0.63701735
2539 0.80149888 0.63710419
2540 0.79740443 0.64505177
2541 0.78970503 0.63983461
2542 0.78917624 0.64901861
2543 0.78814764 0.65649741
2544 0.78814764 0.65649741
2545 0.79189228 0.66448560
2546 0.78519053 0.65653150
2547 0.78519053 0.65653150
2548 0.78201896 0.65082329
2549 0.78201896 0.65082329
2550 0.77891928 0.64311691
2551 0.77318980 0.63508463
2552 0.77318980 0.63508463
2553 0.77115257 0.63354171
2554 0.77505126 0.62965513
2555 0.76860925 0.63353699
2556 0.77155959 0.63689734
2557 0.77155959 0.63689734
2558 0.77672758 0.63228909
2559 0.78339534 0.62616051
2560 0.78339534 0.62616051
2561 0.78314698 0.61687170
2562 0.77503140 0.62080177
2563 0.77615419 0.62281825
2564 0.77615419 0.62281825
2565 0.77615419 0.62281825
2566 0.77615419 0.62281825
2567 0.78498376 0.61486693
2568 0.78498376 0.61486693
2569 0.78498376 0.61486693
2570 0.79196691 0.61226527
2571 0.80118003 0.61903413
2572 0.80118003 0.61903413
2573 0.80958747 0.62090915
2574 0.80958747 0.62090915
2575 0.80958747 0.62090915
2576 0.81126119 0.61466714
2577 0.81126119 0.61466714
2578 0.80564638 0.60900560
2579 0.79769826 0.61578882
2580 0.79116753 0.61608911
2581 0.79593796 0.61416020
2582 0.79242371 0.60756052
2583 0.79756106 0.60631761
2584 0.80694559 0.60459199
2585 0.81366069 0.60326821
2586 0.81830349 0.60879371
2587 0.81830349 0.60879371
2588 0.80833469 0.61505105
2589 0.80833469 0.61505105
2590 0.81265326 0.61533936
2591 0.80964125 0.61588883
2592 0.80724229 0.61496273
2593 0.81310760 0.60861885
2594 0.82239764 0.61136060
2595 0.82708595 0.61688067
2596 0.81886539 0.61304477
2597 0.81651650 0.61810607
2598 0.81180866 0.62013655
2599 0.81929375 0.62282574
2600 0.82905439 0.62932895
2601 0.82905439 0.62932895
2602 0.83452694 0.62377084
2603 0.83452694 0.62377084
2604 0.82471600 0.62617142
2605 0.82471600 0.62617142
2606 0.81651474 0.62049915
2607 0.81651474 0.62049915
2608 0.81067244 0.62412687
2609 0.80317479 0.62177161
2610 0.79585693 0.61587730
2611 0.79356182 0.62554580
2612 0.79236112 0.62984362
2613 0.78347545 0.62543259
2614 0.78347545 0.62543259
2615 0.78347545 0.62543259
2616 0.79066587 0.61727269
2617 0.79813037 0.61321972
2618 0.80137531 0.61429877
2619 0.80366505 0.61149528
2620 0.80697098 0.61400634
2621 0.80697098 0.61400634
2622 0.79994139 0.61565302
2623 0.79284427 0.61450011
2624 0.79284427 0.61450011
2625 0.80086116 0.61293172
2626 0.80637854 0.60761285
2627 0.81263337 0.61060504
2628 0.80430988 0.61699568
2629 0.79869395 0.62414227
2630 0.79405205 0.61906364
2631 0.79585719 0.61226000
2632 0.78958049 0.61897891
2633 0.79693769 0.62836129
2634 0.79173592 0.63794295
2635 0.78229731 0.64693620
2636 0.78229731 0.64693620
2637 0.78435200 0.63826633
2638 0.77549793 0.63517556
2639 0.78422340 0.63722592
2640 0.78148475 0.63853561
2641 0.78945821 0.63503730
2642 0.79122829 0.62896646
2643 0.79820843 0.62002525
2644 0.80365731 0.62734801
2645 0.79390225 0.62501383
2646 0.79614647 0.63465646
2647 0.79459703 0.63570500
2648 0.79459703 0.63570500
2649 0.79459703 0.63570500
2650 0.79643519 0.62714223
2651 0.79593728 0.63607287
2652 0.80217507 0.62820128
2653 0.80155881 0.62406350
2654 0.79555969 0.61754907
2655 0.79122483 0.61897595
2656 0.78718442 0.62080607
2657 0.78428458 0.62777197
2658 0.78532370 0.62238494
2659 0.79203766 0.62604369
2660 0.79203766 0.62604369
2661 0.79203766 0.62604369
2662 0.78721968 0.61684109
2663 0.78721968 0.61684109
2664 0.78882779 0.61712095
2665 0.78207427 0.60941235
2666 0.78732125 0.61795008
2667 0.78967276 0.62351578
2668 0.79187273 0.62787341
2669 0.79187273 0.62787341
2670 0.79187273 0.62787341
2671 0.79187273 0.62787341
2672 0.79187273 0.62787341
2673 0.79548475 0.61961939
2674 0.80469310 0.62270664
2675 0.80469310 0.62270664
2676 0.80313620 0.62716393
2677 0.80313620 0.62716393
2678 0.81205653 0.63048956
2679 0.81205653 0.63048956
2680 0.81205653 0.63048956
2681 0.80239264 0.62174131
2682 0.79288618 0.61794604
2683 0.79672433 0.61529252
2684 0.79071783 0.60929530
2685 0.78725189 0.60931630
2686 0.79209706 0.61845752
2687 0.80137132 0.62019738
2688 0.80137132 0.62019738
2689 0.80764243 0.61842867
2690 0.80839730 0.62024545
2691 0.80839730 0.62024545
2692 0.80794514 0.62323368
2693 0.80794514 0.62323368
2694 0.80794514 0.62323368
2695 0.80794514 0.62323368
2696 0.80794514 0.62323368
2697 0.80399239 0.62496153
2698 0.79673068 0.61817066
2699 0.80638989 0.62657919
2700 0.80758577 0.62228637
2701 0.80306602 0.62151844
2702 0.80306602 0.62151844
2703 0.80985590 0.62867900
2704 0.81950446 0.62677339
2705 0.81950446 0.62677339
2706 0.81950446 0.62677339
2707 0.82496913 0.61908393
2708 0.82496913 0.61908393
2709 0.82496913 0.61908393
2710 0.82496913 0.61908393
2711 0.82496913 0.61908393
2712 0.82496913 0.61908393
2713 0.82496913 0.61908393
2714 0.82519588 0.61490066
2715 0.81633458 0.60978724
2716 0.81633458 0.60978724
2717 0.81228549 0.60832636
2718 0.81769058 0.59872102
2719 0.82267509 0.60622176
2720 0.82185497 0.59779812
2721 0.82743791 0.59700789
2722 0.82743791 0.59700789
2723 0.82743791 0.59700789
2724 0.82944295 0.60419572
2725 0.82743354 0.60460116
2726 0.82932434 0.60969189
2727 0.82455573 0.61369594
2728 0.82538579 0.62190790
2729 0.81760087 0.61263746
2730 0.81760087 0.61263746
2731 0.80844584 0.61547241
2732 0.80844584 0.61547241
2733 0.80844584 0.61547241
2734 0.80844584 0.61547241
2735 0.80007251 0.61361589
2736 0.80388881 0.61785625
2737 0.79886542 0.60907345
2738 0.80218565 0.60333411
2739 0.80218565 0.60333411
2740 0.80218565 0.60333411
2741 0.79766097 0.61143305
2742 0.79649342 0.60280012
2743 0.79687443 0.60820747
2744 0.80161147 0.60324209
2745 0.80358791 0.61232011
2746 0.80358791 0.61232011
2747 0.80358791 0.61232011
2748 0.81144871 0.60913208
2749 0.81144871 0.60913208
2750 0.81537560 0.60588718
2751 0.81509486 0.60051921
2752 0.82413680 0.59744749
2753 0.82591412 0.59752482
2754 0.82591412 0.59752482
2755 0.82522435 0.59500074
2756 0.81883899 0.58736220
2757 0.81883899 0.58736220
2758 0.81883899 0.58736220
2759 0.81883899 0.58736220
2760 0.82502583 0.59230023
2761 0.82426708 0.59119016
2762 0.82426708 0.59119016
2763 0.83237180 0.59568332
2764 0.82922503 0.59578073
2765 0.82340386 0.60068967
2766 0.82160583 0.59227877
2767 0.82012899 0.59056612
2768 0.82867437 0.58807817
2769 0.83503471 0.58903755
2770 0.82526250 0.59803458
2771 0.82065670 0.60415826
2772 0.81576360 0.60168303
2773 0.81576360 0.60168303
2774 0.80719593 0.60995393
2775 0.81422394 0.61696083
2776 0.81558484 0.61751670
2777 0.80629097 0.61503429
2778 0.79932438 0.61342879
2779 0.79932438 0.61342879
2780 0.79932438 0.61342879
2781 0.79932438 0.61342879
2782 0.79932438 0.61342879
2783 0.80771595 0.61510569
2784 0.80771595 0.61510569
2785 0.80771595 0.61510569
2786 0.80771595 0.61510569
2787 0.80174023 0.61047183
2788 0.79914406 0.61801403
2789 0.80023302 0.62647499
2790 0.80299130 0.62309566
2791 0.79741921 0.62830908
2792 0.79741921 0.62830908
2793 0.78993352 0.62299969
2794 0.78492884 0.61534201
2795 0.78492884 0.61534201
2796 0.78387331 0.61284721
2797 0.79310876 0.62031319
2798 0.79310876 0.62031319
2799 0.79310876 0.62031319
2800 0.79310876 0.62031319
2801 0.79310876 0.62031319
2802 0.79310876 0.62031319
2803 0.79310876 0.62031319
2804 0.78317791 0.61877993
2805 0.78317791 0.61877993
2806 0.79026890 0.61037987
2807 0.78817941 0.61158421
2808 0.79629985 0.61649452
2809 0.79795028 0.62591565
2810 0.80443346 0.62848634
2811 0.80443346 0.62848634
2812 0.80443346 0.62848634
2813 0.80443346 0.62848634
2814 0.80443346 0.62848634
2815 0.80443346 0.62848634
2816 0.79903247 0.62253681
2817 0.78909654 0.62132769
2818 0.79664807 0.61512828
2819 0.80325783 0.61195026
2820 0.79495218 0.62009419
2821 0.79323171 0.61220768
2822 0.79144836 0.61898510
2823 0.79058979 0.61291532
2824 0.78695162 0.60990537
2825 0.77928952 0.60695840
2826 0.78257382 0.60278136
2827 0.78268720 0.60861751
2828 0.78673766 0.61427004
2829 0.78673766 0.61427004
2830 0.77995664 0.61387825
2831 0.78061675 0.60854911
2832 0.77917892 0.59969547
2833 0.78617170 0.60312037
2834 0.78057914 0.61224885
2835 0.78151118 0.61521921
2836 0.79143997 0.62516457
2837 0.79076104 0.61941197
2838 0.79076104 0.61941197
2839 0.79076104 0.61941197
2840 0.79076104 0.61941197
2841 0.78773084 0.61821087
2842 0.77878874 0.61559470
2843 0.78747483 0.61967504
2844 0.78716243 0.62926640
2845 0.78716243 0.62926640
2846 0.78861009 0.63608756
2847 0.79702652 0.62862921
2848 0.79052628 0.63518132
2849 0.79052628 0.63518132
2850 0.79052628 0.63518132
2851 0.78392348 0.63265361
2852 0.78392348 0.63265361
2853 0.78392348 0.63265361
2854 0.78065828 0.63133686
2855 0.79010806 0.62406991
2856 0.78862547 0.63288578
2857 0.78862547 0.63288578
2858 0.78862547 0.63288578
2859 0.77893802 0.62986345
2860 0.78889136 0.63087406
2861 0.78223256 0.62558949
2862 0.78305873 0.62096812
2863 0.78786472 0.62644189
2864 0.78880482 0.62468168
2865 0.79532214 0.63026013
2866 0.79532214 0.63026013
2867 0.79312778 0.63234913
2868 0.78877333 0.62855792
2869 0.78877333 0.62855792
2870 0.79648414 0.62132469
2871 0.79648414 0.62132469
2872 0.79636240 0.61751774
2873 0.78842188 0.61973112
2874 0.78242339 0.62345504
2875 0.77400566 0.61660893
2876 0.77400566 0.61660893
2877 0.77645028 0.60729567
2878 0.76958585 0.60423227
2879 0.77470175 0.60706145
2880 0.77854348 0.60851384
2881 0.77428924 0.61095926
2882 0.78172173 0.61428630
2883 0.78705646 0.62184003
2884 0.78705646 0.62184003
2885 0.78705646 0.62184003
2886 0.79592756 0.62098818
2887 0.79515285 0.61554818
2888 0.79515285 0.61554818
2889 0.79515285 0.61554818
2890 0.79711128 0.61621352
2891 0.79826207 0.61568654
2892 0.79491531 0.62123083
2893 0.79996010 0.62365305
2894 0.79996010 0.62365305
2895 0.80186109 0.62485538
2896 0.79384421 0.62725298
2897 0.79139216 0.63324067
2898 0.79463766 0.62785171
2899 0.79703651 0.62914736
2900 0.79703651 0.62914736
2901 0.79703651 0.62914736
2902 0.78790989 0.62199162
2903 0.79340933 0.62906943
2904 0.79416597 0.62378530
2905 0.79962394 0.61466292
2906 0.79962394 0.61466292
2907 0.80709778 0.61350610
2908 0.80829147 0.61173092
2909 0.81705082 0.61255860
2910 0.81705082 0.61255860
2911 0.81705082 0.61255860
2912 0.81052373 0.61061576
2913 0.80717382 0.61226926
2914 0.80060502 0.61362076
2915 0.80530822 0.61922165
2916 0.80263043 0.62371600
2917 0.80263043 0.62371600
2918 0.80263043 0.62371600
2919 0.80343314 0.62845112
2920 0.80343314 0.62845112
2921 0.80343314 0.62845112
2922 0.80343314 0.62845112
2923 0.81030924 0.62120731
2924 0.80334631 0.62387276
2925 0.80334631 0.62387276
2926 0.80334631 0.62387276
2927 0.80334631 0.62387276
2928 0.80334631 0.62387276
2929 0.80334631 0.62387276
2930 0.80334631 0.62387276
2931 0.80334631 0.62387276
2932 0.79872630 0.62427680
2933 0.79237520 0.62742008
2934 0.79504996 0.61770394
2935 0.79584229 0.62479938
2936 0.79584229 0.62479938
2937 0.80475400 0.61677185
2938 0.80915263 0.61952556
2939 0.80688831 0.61918044
2940 0.80036902 0.62428160
2941 0.80448874 0.61946572
2942 0.81266417 0.61951705
2943 0.80741623 0.62203412
2944 0.80865529 0.61526799
2945 0.80865529 0.61526799
2946 0.80865529 0.61526799
2947 0.80865529 0.61526799
2948 0.80927795 0.60720906
2949 0.81029355 0.61193786
2950 0.81029355 0.61193786
2951 0.81122608 0.62165507
2952 0.80566528 0.62613368
2953 0.80566528 0.62613368
2954 0.80566528 0.62613368
2955 0.81223083 0.61635540
2956 0.81223083 0.61635540
2957 0.80918928 0.61686287
2958 0.81036456 0.62159542
2959 0.80253391 0.61623043
2960 0.79407354 0.60634581
2961 0.79407354 0.60634581
2962 0.79374034 0.61393556
2963 0.79374034 0.61393556
2964 0.79746208 0.62391007
2965 0.79746208 0.62391007
2966 0.79746208 0.62391007
2967 0.79746208 0.62391007
2968 0.79016892 0.62382756
2969 0.78776494 0.62300990
2970 0.78386470 0.62654632
2971 0.78563783 0.61722891
2972 0.78480236 0.61331550
2973 0.79098595 0.61656104
2974 0.79111422 0.61586068
2975 0.79552415 0.61521014
2976 0.79552415 0.61521014
2977 0.80218968 0.61706117
2978 0.80218968 0.61706117
2979 0.79884396 0.62620441
2980 0.80125417 0.62188860
2981 0.80125417 0.62188860
2982 0.80125417 0.62188860
2983 0.79689475 0.62320594
2984 0.79689475 0.62320594
2985 0.79689475 0.62320594
2986 0.79689475 0.62320594
2987 0.79777426 0.61842547
2988 0.79215557 0.62204204
2989 0.79024689 0.62959456
2990 0.79052862 0.63328576
2991 0.79052862 0.63328576
2992 0.79052862 0.63328576
2993 0.79310133 0.62642558
2994 0.79454606 0.61763116
2995 0.78871905 0.62419948
2996 0.78714081 0.62613517
2997 0.78714081 0.62613517
2998 0.78714081 0.62613517
2999 0.79148833 0.62349242
