   BINSIZE: 0.188562
# VELOCITY:     AVE_POFV:        ERROR:
           1           0           0           0
           1  0.00147314  0.00147314           0
           1 0.000982093 0.000982093           0
           1 0.000982093 0.000982093           0
           1  0.00147314  0.00147314           0
           1  0.00785674  0.00785674           0
           1   0.0206239   0.0206239           0
           1   0.0486136   0.0486136           0
           1    0.063836    0.063836           0
           1    0.105575    0.105575           0
           1     0.27695     0.27695           0
           1    0.403149    0.403149           0
           1     1.35578     1.35578           0
           1     1.86794     1.86794           0
           1    0.852948    0.852948           0
           1    0.240122    0.240122           0
           1     0.04223     0.04223           0
           1    0.010312    0.010312           0
           1  0.00245523  0.00245523           0
           1           0           0           0
           1           0           0           0
           1           0           0           0
           1           0           0           0
           1           0           0           0
           1           0           0           0
           1           0           0           0
           1           0           0           0
           1           0           0           0
           1           0           0           0
           1           0           0           0
           2           0           0           0
           2   0.0176777   0.0095754  0.00572917
           2   0.0510688   0.0260255   0.0177083
           2    0.073657   0.0373195   0.0256944
           2   0.0437031   0.0225881   0.0149306
           2   0.0515599   0.0297083   0.0154514
           2   0.0456673   0.0331456  0.00885417
           2   0.0967361   0.0726749   0.0170139
           2    0.176777    0.120306   0.0399306
           2    0.463057    0.284316    0.126389
           2    0.391855    0.334403    0.040625
           2    0.496939    0.450044   0.0331597
           2     0.62412    0.989949    0.258681
           2    0.533276     1.20061    0.471875
           2    0.673225    0.763086   0.0635417
           2    0.646708    0.443415     0.14375
           2    0.372213    0.207222    0.116667
           2    0.278423    0.144368   0.0947917
           2    0.144368   0.0734114   0.0501736
           2   0.0569614   0.0284807   0.0201389
           2   0.0559793   0.0279896   0.0197917
           2  0.00245523  0.00122762 0.000868056
           2  0.00196419 0.000982093 0.000694444
           2  0.00245523  0.00122762 0.000868056
           2  0.00245523  0.00122762 0.000868056
           2           0           0           0
           2           0           0           0
           2           0           0           0
           2           0           0           0
           2           0           0           0
           3           0           0           0
           3           0   0.0063836  0.00462384
           3   0.0137493   0.0219334   0.0122692
           3   0.0343732   0.0363374   0.0171484
           3   0.0805316   0.0419026   0.0186488
           3    0.084951   0.0481225   0.0182254
           3     0.21115   0.0924804   0.0488049
           3    0.303467    0.149605   0.0638295
           3    0.371722    0.204112   0.0734225
           3    0.526402    0.365011    0.106962
           3    0.493993    0.387599   0.0511869
           3    0.461093    0.453727   0.0223101
           3    0.380561     0.78682    0.239266
           3    0.277441    0.892886    0.402606
           3    0.447343    0.657838    0.095808
           3    0.465512    0.450781   0.0960219
           3    0.316234    0.243559   0.0832446
           3    0.339313    0.209349   0.0825144
           3    0.196419    0.114414   0.0473248
           3   0.0775853   0.0448489   0.0189438
           3    0.122762   0.0595803   0.0289725
           3   0.0206239  0.00769306  0.00531064
           3   0.0540151   0.0186598   0.0144412
           3   0.0132583  0.00523783  0.00332507
           3  0.00245523  0.00163682 0.000668229
           3  0.00834779   0.0027826  0.00227198
           3           0           0           0
           3           0           0           0
           3           0           0           0
           3           0           0           0
           4           0           0           0
           4   0.0206239  0.00994369  0.00464024
           4   0.0324091   0.0245523  0.00947732
           4    0.130127   0.0597849   0.0240364
           4    0.063836    0.047386   0.0147707
           4    0.235702   0.0950175   0.0428508
           4    0.313779    0.147805   0.0602946
           4    0.307395    0.189053   0.0588116
           4    0.448816    0.265288    0.076415
           4    0.404622    0.374914   0.0806783
           4    0.456182    0.404745   0.0411617
           4    0.424264    0.446361   0.0179072
           4    0.428192    0.697163    0.195527
           4    0.424264    0.775731    0.318544
           4    0.243068    0.554146     0.11501
           4    0.269093    0.405359   0.0820592
           4    0.209677    0.235088   0.0628629
           4     0.29561    0.230915   0.0646424
           4    0.200838     0.13602   0.0401237
           4    0.165483   0.0750073   0.0297323
           4   0.0815137   0.0650636   0.0222422
           4   0.0903525   0.0283579   0.0183342
           4  0.00343732   0.0148542   0.0113212
           4  0.00392837  0.00491046  0.00250987
           4   0.0132583  0.00454218  0.00256554
           4   0.0368285   0.0112941  0.00756554
           4           0           0           0
           4           0           0           0
           4           0           0           0
           4           0           0           0
           5           0           0           0
           5  0.00834779  0.00962451  0.00372315
           5    0.125708   0.0447834   0.0196195
           5   0.0284807   0.0535241    0.020028
           5    0.177268   0.0733623   0.0260662
           5    0.280387    0.132091   0.0476943
           5    0.410024    0.200249   0.0672827
           5    0.294137     0.21007   0.0506656
           5     0.49252    0.310734   0.0734127
           5    0.467967    0.393525   0.0666546
           5    0.493993    0.422595   0.0365955
           5    0.317707     0.42063   0.0271088
           5    0.346188    0.626968    0.168551
           5    0.433594    0.707303    0.262082
           5    0.213605    0.486038    0.110347
           5    0.172848    0.358857   0.0777144
           5    0.340786    0.256228   0.0537273
           5    0.190526    0.222837   0.0522162
           5   0.0839689     0.12561   0.0334222
           5    0.132583   0.0865224     0.02592
           5   0.0461584   0.0612826   0.0181123
           5    0.126199   0.0479261   0.0228355
           5   0.0240613   0.0166956  0.00920552
           5   0.0289717  0.00972272  0.00474951
           5   0.0608898   0.0158117   0.0102866
           5   0.0063836    0.010312  0.00611584
           5           0           0           0
           5           0           0           0
           5           0           0           0
           5           0           0           0
           6   0.0073657  0.00122762  0.00112065
           6  0.00982093  0.00965725  0.00310277
           6    0.095754   0.0532785   0.0180955
           6    0.100665   0.0613808   0.0181658
           6    0.185616   0.0920712   0.0276319
           6     0.38007    0.173421   0.0548009
           6      0.3565    0.226291   0.0609005
           6    0.323109    0.228909   0.0455897
           6    0.542115    0.349298   0.0705828
           6    0.463548    0.405195    0.056558
           6    0.476806     0.43163   0.0315919
           6    0.391364    0.415753   0.0230253
           6    0.286771    0.570269    0.149693
           6    0.285298    0.636969    0.227644
           6    0.230792    0.443497     0.09982
           6    0.463057    0.376223   0.0666742
           6    0.183651    0.244132   0.0461143
           6  0.00540151    0.186598    0.054661
           6   0.0432121    0.111877   0.0305431
           6     0.17383    0.101074   0.0253576
           6   0.0756211   0.0636723   0.0152504
           6   0.0967361   0.0560611   0.0204273
           6   0.0613808   0.0241431   0.0102504
           6   0.0564703    0.017514  0.00813952
           6  0.00834779   0.0145677  0.00864705
           6           0  0.00859331  0.00533256
           6           0           0           0
           6           0           0           0
           6           0           0           0
           6           0           0           0
           7   0.0230792  0.00434927  0.00304554
           7   0.0569614    0.016415  0.00679825
           7    0.167447   0.0695883   0.0216467
           7    0.147805   0.0737271   0.0193158
           7    0.253871    0.115185   0.0319202
           7    0.186598    0.175304   0.0470046
           7    0.310341    0.238298    0.053371
           7    0.522473    0.270847   0.0550865
           7    0.360428    0.350888   0.0605175
           7    0.683537    0.444958   0.0608718
           7    0.254853    0.406376   0.0357758
           7    0.470913    0.423633   0.0210413
           7    0.304449    0.532294    0.133038
           7    0.268602    0.584345    0.201114
           7    0.201329    0.408901   0.0913585
           7    0.434576    0.384559   0.0576681
           7    0.130127    0.227846   0.0423048
           7   0.0589256    0.168359   0.0498023
           7   0.0662913    0.105365   0.0268651
           7   0.0829868   0.0984899   0.0218664
           7   0.0721838   0.0648883   0.0131202
           7    0.101647   0.0625733   0.0185181
           7    0.094772   0.0342329    0.012824
           7   0.0373195   0.0203433  0.00745228
           7   0.0117851   0.0141702  0.00742089
           7           0   0.0073657  0.00470995
           7           0           0           0
           7           0           0           0
           7           0           0           0
           7           0           0           0
           8  0.00834779  0.00484908  0.00270555
           8   0.0908436   0.0257186   0.0105414
           8    0.131109   0.0772784   0.0202609
           8     0.12669   0.0803475   0.0180002
           8    0.279896    0.135774   0.0339265
           8    0.148296    0.171928     0.04125
           8    0.309359     0.24718    0.047433
           8    0.604478    0.312551    0.062009
           8    0.459128    0.364418   0.0544443
           8    0.578944    0.461706    0.055519
           8    0.297083    0.392714   0.0338118
           8    0.387436    0.419108   0.0188913
           8    0.472387    0.524806    0.116618
           8    0.291191    0.547701    0.179282
           8    0.210168     0.38406   0.0832476
           8    0.312305    0.375528    0.051162
           8     0.10803    0.212869   0.0395791
           8   0.0770943    0.156951   0.0448646
           8  0.00982093   0.0934216   0.0260266
           8   0.0569614   0.0932988   0.0197396
           8    0.106557   0.0700969   0.0124713
           8     0.14535   0.0729204    0.018874
           8    0.042721    0.035294   0.0112648
           8   0.0383016   0.0225881  0.00685049
           8    0.010803   0.0137493  0.00650521
           8           0  0.00644498  0.00421024
           8           0           0           0
           8           0           0           0
           8           0           0           0
           8           0           0           0
           9           0   0.0043103  0.00245799
           9           0   0.0228609  0.00974977
           9   0.0834779   0.0779673   0.0180214
           9    0.117851   0.0845145   0.0164754
           9    0.246505    0.148078   0.0323109
           9    0.214587    0.176668    0.036938
           9    0.466985    0.271603   0.0480405
           9    0.576488    0.341877   0.0616652
           9    0.523455    0.382089   0.0511823
           9    0.490064    0.464857   0.0494396
           9    0.438504    0.397802   0.0304353
           9    0.374668     0.41417   0.0174257
           9    0.373686    0.508015    0.104863
           9    0.363865    0.527275    0.160521
           9    0.200347    0.363647   0.0764595
           9    0.266147    0.363374   0.0468986
           9    0.124726    0.203075    0.036373
           9   0.0491046    0.144968    0.041449
           9   0.0250434    0.085824   0.0242183
           9   0.0658002   0.0902434   0.0177812
           9    0.182178   0.0825504   0.0161477
           9   0.0569614   0.0711472     0.01686
           9   0.0117851   0.0326819   0.0103116
           9   0.0338822    0.023843   0.0062032
           9   0.0171866   0.0141312  0.00579361
           9           0  0.00572887  0.00380285
           9           0           0           0
           9           0           0           0
           9           0           0           0
           9           0           0           0
          10 0.000982093  0.00397748  0.00223461
          10  0.00932988   0.0215078  0.00886819
          10   0.0977182   0.0799423   0.0163271
          10    0.094772   0.0855403   0.0148598
          10    0.271058    0.160376   0.0313329
          10    0.230301    0.182031   0.0336313
          10     0.47877     0.29232   0.0474937
          10    0.555864    0.363276    0.059095
          10    0.575997     0.40148   0.0496015
          10    0.449798    0.463351   0.0445186
          10    0.406095    0.398631   0.0274031
          10    0.199365     0.39269   0.0257144
          10    0.534258    0.510639   0.0944092
          10    0.362392    0.510786    0.145313
          10    0.203293    0.347612    0.070475
          10    0.261237    0.353161   0.0433067
          10   0.0559793    0.188365   0.0355859
          10    0.125217    0.142993   0.0373512
          10    0.095263   0.0867679   0.0218148
          10   0.0839689    0.089616   0.0160142
          10    0.189053   0.0932006      0.0177
          10  0.00491046   0.0645235   0.0164236
          10  0.00589256   0.0300029  0.00962212
          10   0.0112941   0.0225881   0.0057084
          10 0.000491046   0.0127672  0.00537242
          10           0  0.00515599  0.00346544
          10           0           0           0
          10           0           0           0
          10           0           0           0
          10           0           0           0
          11           0  0.00361589  0.00206051
          11   0.0756211   0.0264272  0.00932717
          11   0.0721838    0.079237    0.014858
          11    0.203293   0.0962451   0.0169312
          11    0.111959    0.155974    0.028792
          11    0.346188    0.196954   0.0337228
          11    0.399712    0.302083   0.0441681
          11    0.630504     0.38757   0.0585034
          11     0.51167    0.411497   0.0460927
          11    0.429175    0.460244   0.0405797
          11     0.36141    0.395248     0.02512
          11    0.256326    0.380293    0.026195
          11    0.373686    0.498189   0.0866436
          11    0.242577    0.486404    0.134133
          11    0.294628    0.342795   0.0642326
          11    0.395292    0.356991   0.0395387
          11    0.163027    0.186062   0.0324253
          11    0.126199    0.141466   0.0339868
          11   0.0461584   0.0830761   0.0201416
          11    0.116378   0.0920489    0.014742
          11    0.147314     0.09812   0.0167606
          11           0   0.0586577   0.0159437
          11           0   0.0272754  0.00912578
          11           0   0.0205347  0.00554652
          11           0   0.0116066  0.00500782
          11           0  0.00468726  0.00318195
          11           0           0           0
          11           0           0           0
          11           0           0           0
          11           0           0           0
          12   0.0230792  0.00523783  0.00244521
          12   0.0392837   0.0274986  0.00861122
          12   0.0407568   0.0760303   0.0139616
          12    0.187089    0.103815   0.0171293
          12    0.270567    0.165524   0.0279314
          12     0.54899    0.226291    0.041767
          12    0.327528    0.304203   0.0405383
          12    0.409042    0.389359   0.0536555
          12    0.330474    0.404745   0.0427433
          12    0.408551    0.455937    0.037426
          12    0.414934    0.396888   0.0230801
          12    0.350116    0.377778   0.0241325
          12    0.346188    0.485522   0.0803439
          12    0.455691    0.483844     0.12298
          12    0.367303    0.344837   0.0589123
          12     0.30494    0.352653    0.036481
          12    0.128163    0.181237     0.03008
          12   0.0304449    0.132214   0.0323893
          12    0.063836   0.0814728   0.0185269
          12    0.109012   0.0934625   0.0135811
          12    0.147314    0.102219   0.0158573
          12           0   0.0537696   0.0153461
          12           0   0.0250024  0.00864372
          12           0   0.0188234  0.00534176
          12           0   0.0106393  0.00468297
          12           0  0.00429666  0.00294066
          12           0           0           0
          12           0           0           0
          12           0           0           0
          12           0           0           0
          13           0  0.00483492  0.00229007
          13   0.0967361   0.0328246  0.00945344
          13   0.0707107   0.0756211   0.0128936
          13    0.174321    0.109239   0.0166481
          13    0.378597    0.181914   0.0302114
          13    0.418372    0.241066   0.0410846
          13    0.249452    0.299992   0.0376381
          13    0.510688    0.398692   0.0503333
          13    0.370249    0.402091   0.0395376
          13    0.499885    0.459317   0.0346994
          13     0.34275    0.392724   0.0216772
          13    0.333912    0.374404   0.0225109
          13    0.415916    0.480168   0.0743418
          13    0.392837    0.476844    0.113719
          13    0.320162    0.342939   0.0544112
          13    0.194945    0.340522   0.0356348
          13   0.0618718    0.172055   0.0291339
          13    0.142894    0.133036   0.0299083
          13   0.0702196   0.0806072   0.0171219
          13    0.111468   0.0948475   0.0126068
          13    0.147314    0.105688   0.0150121
          13           0   0.0496335   0.0147124
          13           0   0.0230792  0.00818999
          13           0   0.0173755  0.00512334
          13           0  0.00982093  0.00439368
          13           0  0.00396614  0.00273297
          13           0           0           0
          13           0           0           0
          13           0           0           0
          13           0           0           0
          14           0  0.00448957  0.00215238
          14  0.00540151   0.0308658  0.00897884
          14   0.0461584   0.0735167   0.0121432
          14    0.329983    0.125006   0.0216757
          14    0.370249    0.195366   0.0309037
          14    0.222935    0.239771   0.0381704
          14    0.475824    0.312551   0.0369859
          14    0.477788    0.404342   0.0470541
          14    0.433594    0.404342   0.0367775
          14    0.398239    0.454954    0.032494
          14     0.35208    0.389821   0.0203223
          14    0.516581    0.384559   0.0230803
          14    0.279896    0.465863   0.0703945
          14    0.399712    0.471334    0.105729
          14    0.314761    0.340926   0.0505619
          14    0.186107    0.329492   0.0347545
          14   0.0540151    0.163624   0.0282466
          14    0.101647    0.130794   0.0278559
          14   0.0417389   0.0778309   0.0161225
          14    0.146332   0.0985249   0.0122309
          14    0.138966    0.108065   0.0141268
          14   0.0112941   0.0468949   0.0139141
          14           0   0.0214307  0.00776913
          14           0   0.0161344  0.00490541
          14           0  0.00911943  0.00413546
          14           0  0.00368285   0.0025524
          14           0           0           0
          14           0           0           0
          14           0           0           0
          14           0           0           0
          15           0  0.00419026  0.00202959
          15           0   0.0288081  0.00861281
          15    0.122271   0.0767669   0.0117606
          15    0.196419    0.129767   0.0207469
          15    0.344715    0.205323   0.0304051
          15    0.414443    0.251416   0.0373598
          15    0.367794    0.316234    0.034703
          15    0.575997    0.415785   0.0452873
          15    0.450781    0.407438   0.0344557
          15    0.254853    0.441614   0.0329525
          15    0.367303    0.388319   0.0190228
          15    0.503814     0.39251   0.0228699
          15    0.265165    0.452483    0.066961
          15    0.381052    0.465316   0.0988519
          15    0.322617    0.339706   0.0472058
          15    0.137984    0.316725   0.0347034
          15    0.156644    0.163158   0.0263673
          15    0.145841    0.131797   0.0260169
          15   0.0500867   0.0759812   0.0151534
          15    0.102138   0.0987658   0.0114179
          15    0.120306    0.108881   0.0132085
          15   0.0230792   0.0453072   0.0130768
          15           0    0.020002  0.00738139
          15           0   0.0150588  0.00469483
          15           0  0.00851147   0.0039042
          15           0  0.00343732  0.00239402
          15           0           0           0
          15           0           0           0
          15           0           0           0
          15           0           0           0
          16   0.0279896  0.00567772  0.00238635
          16   0.0284807   0.0287876  0.00807454
          16    0.158117   0.0818513   0.0120747
          16    0.126199    0.129544   0.0194514
          16    0.398239     0.21738   0.0308028
          16    0.472387    0.265226   0.0374907
          16    0.280387    0.313993   0.0326063
          16    0.479261    0.419753   0.0426303
          16    0.359446    0.404438   0.0324325
          16    0.281861     0.43163   0.0323703
          16    0.537205    0.397625   0.0199806
          16    0.582872    0.404407   0.0243394
          16    0.270076    0.441082   0.0637391
          16    0.242577    0.451394   0.0936488
          16    0.280387    0.335998   0.0444008
          16    0.151733    0.306413   0.0340321
          16    0.141912     0.16183   0.0247528
          16    0.141421    0.132398   0.0243978
          16   0.0491046   0.0743015   0.0142991
          16     0.15468     0.10226   0.0112264
          16    0.122762    0.109749   0.0124114
          16   0.0122762   0.0432428   0.0124213
          16  0.00392837   0.0189974  0.00698808
          16           0   0.0141176  0.00449476
          16           0   0.0079795  0.00369625
          16           0  0.00322249  0.00225401
          16           0           0           0
          16           0           0           0
          16           0           0           0
          16           0           0           0
          17   0.0196419  0.00649914  0.00238316
          17   0.0721838   0.0313403   0.0079929
          17    0.158117   0.0863375   0.0121693
          17    0.105084    0.128105   0.0183603
          17    0.274986    0.220769   0.0291767
          17    0.278423    0.266003   0.0352934
          17    0.502831    0.325102   0.0325254
          17    0.601532    0.430445    0.041442
          17    0.506269    0.410428    0.031073
          17     0.27204    0.422242   0.0317983
          17    0.443415    0.400318    0.018986
          17    0.367303    0.402225   0.0230053
          17    0.390873    0.438129   0.0600581
          17    0.293646    0.442115   0.0885986
          17    0.278423    0.332612    0.041918
          17    0.143877    0.296852   0.0333462
          17    0.143386    0.160745   0.0233205
          17   0.0716928    0.128827   0.0232225
          17    0.111959   0.0765166   0.0136284
          17    0.101647    0.102224    0.010566
          17     0.11736    0.110197   0.0116894
          17   0.0250434   0.0421722   0.0117367
          17   0.0235702   0.0192663  0.00658219
          17           0   0.0132871  0.00430639
          17           0  0.00751012   0.0035085
          17           0  0.00303293  0.00212938
          17           0           0           0
          17           0           0           0
          17           0           0           0
          17           0           0           0
          18   0.0274986  0.00766578  0.00252019
          18   0.0486136   0.0322999  0.00760624
          18     0.14535    0.089616   0.0119267
          18     0.19249    0.131682   0.0176853
          18    0.219007    0.220671   0.0275559
          18    0.282843    0.266938    0.033345
          18    0.568141    0.338604   0.0334037
          18    0.730677    0.447125   0.0423635
          18    0.454709    0.412888   0.0294439
          18    0.204275    0.410133   0.0322551
          18    0.388909    0.399684   0.0179418
          18    0.271549    0.394965    0.022844
          18    0.517563    0.442542   0.0568834
          18    0.305431    0.434521   0.0840012
          18    0.232756    0.327064   0.0399546
          18   0.0515599    0.283225   0.0341648
          18    0.138966    0.159536   0.0220563
          18   0.0923167    0.126799   0.0220207
          18    0.133074   0.0796586   0.0132286
          18    0.142894    0.104484   0.0102178
          18   0.0726749    0.108112   0.0112243
          18   0.0466494    0.042421   0.0110873
          18   0.0274986   0.0197237  0.00623238
          18  0.00785674   0.0129854   0.0040777
          18           0  0.00709289   0.0033383
          18           0  0.00286444  0.00201773
          18           0           0           0
          18           0           0           0
          18           0           0           0
          18           0           0           0
          19           0  0.00726232  0.00241963
          19   0.0726749   0.0344249  0.00749687
          19    0.113432   0.0908694   0.0113646
          19     0.19249    0.134883   0.0170416
          19    0.372704    0.228673   0.0272426
          19    0.330474    0.270282   0.0317573
          19    0.461093    0.345051   0.0322617
          19    0.500867    0.449954   0.0402281
          19    0.495957     0.41726    0.028217
          19    0.338331    0.406354   0.0307781
          19    0.542115    0.407181   0.0184974
          19    0.177268    0.383507   0.0243461
          19    0.455691    0.443234   0.0538938
          19    0.209677    0.422688   0.0804094
          19    0.320653    0.326727   0.0378531
          19   0.0274986    0.269765   0.0349173
          19    0.171866    0.160184    0.020905
          19    0.112941     0.12607   0.0208738
          19    0.129145   0.0822632   0.0127861
          19    0.084951    0.103456  0.00973156
          19   0.0908436    0.107203   0.0106703
          19   0.0486136   0.0427469   0.0105086
          19   0.0255344   0.0200295  0.00591186
          19   0.0284807    0.013801   0.0039438
          19           0  0.00671958   0.0031834
          19           0  0.00271368  0.00191716
          19           0           0           0
          19           0           0           0
          19           0           0           0
          19           0           0           0
          20 0.000491046  0.00692375  0.00232221
          20   0.0500867    0.035208  0.00716281
          20    0.202311   0.0964415   0.0120854
          20    0.147805    0.135529   0.0162018
          20    0.381052    0.236292   0.0269248
          20    0.289717    0.271254   0.0301843
          20    0.486136    0.352105   0.0314104
          20    0.461584    0.450535   0.0382209
          20    0.560284    0.424411   0.0276975
          20    0.313779    0.401725   0.0295852
          20    0.429175    0.408281   0.0176051
          20    0.318689    0.380266   0.0233435
          20    0.374177    0.439781   0.0513096
          20    0.291191    0.416113   0.0766572
          20    0.202802    0.320531   0.0364641
          20    0.160081    0.264281   0.0335994
          20    0.123253    0.158338   0.0199411
          20    0.116869     0.12561   0.0198352
          20    0.126199     0.08446   0.0123341
          20   0.0495957    0.100763  0.00961038
          20   0.0937899    0.106533   0.0101579
          20   0.0260255   0.0419108   0.0100163
          20   0.0304449   0.0205503  0.00563916
          20   0.0333912   0.0147805  0.00386633
          20   0.0343732  0.00810227  0.00331092
          20           0  0.00257799   0.0018261
          20           0           0           0
          20           0           0           0
          20           0           0           0
          20           0           0           0
          21           0  0.00659405  0.00223491
          21  0.00932988   0.0339757  0.00692691
          21    0.074639   0.0954033   0.0115545
          21    0.226863    0.139878   0.0160034
          21    0.456182    0.246762   0.0276038
          21    0.315252    0.273349   0.0288195
          21    0.363374    0.352641   0.0299192
          21     0.49743    0.452768    0.036466
          21     0.55832    0.430788   0.0271026
          21    0.308868    0.397303   0.0285049
          21    0.484663    0.411918   0.0171384
          21    0.398239    0.381122   0.0222476
          21    0.302485    0.433243    0.049281
          21    0.354044    0.413157   0.0730638
          21    0.143386    0.312095   0.0356901
          21    0.169902    0.259787   0.0322986
          21    0.124726    0.156737   0.0190557
          21    0.103611    0.124562   0.0189183
          21    0.152715   0.0877102   0.0121675
          21    0.101647    0.100805  0.00915284
          21   0.0255344    0.102675   0.0103806
          21   0.0338822   0.0415285  0.00954666
          21  0.00147314   0.0196419  0.00544331
          21   0.0162045   0.0148483  0.00368282
          21   0.0471405  0.00996123  0.00363789
          21   0.0333912  0.00404529  0.00225278
          21           0           0           0
          21           0           0           0
          21           0           0           0
          21           0           0           0
          22           0  0.00629432  0.00215333
          22   0.0171866   0.0332126  0.00665396
          22   0.0628539   0.0939238   0.0111236
          22    0.133074    0.139569   0.0152789
          22    0.337349     0.25088   0.0266544
          22     0.37074    0.277776   0.0278475
          22    0.494975    0.359111   0.0292504
          22    0.481225    0.454062   0.0348314
          22    0.621665    0.439464    0.027224
          22    0.452254    0.399801   0.0273184
          22    0.588765    0.419956   0.0181469
          22    0.211641    0.373418   0.0225307
          22    0.387927    0.431183    0.047084
          22    0.214096    0.404109   0.0703008
          22    0.134547    0.304025   0.0349684
          22   0.0913346     0.25213   0.0317251
          22    0.160572    0.156912   0.0181903
          22    0.124235    0.124547   0.0180584
          22    0.115396   0.0889687   0.0116793
          22    0.122271    0.101781  0.00878865
          22  0.00540151   0.0982539   0.0108095
          22   0.0510688   0.0419621  0.00912257
          22   0.0338822   0.0202891  0.00523423
          22   0.0417389   0.0160706  0.00371271
          22           0  0.00950844  0.00350059
          22   0.0491046  0.00609344  0.00293741
          22           0           0           0
          22           0           0           0
          22           0           0           0
          22           0           0           0
          23  0.00343732   0.0061701  0.00206329
          23   0.0147314   0.0324091  0.00641299
          23    0.120306   0.0950708   0.0106989
          23    0.190526    0.141784   0.0147744
          23    0.248961    0.250797   0.0254956
          23    0.287753     0.27821   0.0266401
          23     0.47386      0.3641   0.0284009
          23    0.408551    0.452083   0.0333732
          23    0.621665    0.447386   0.0271685
          23    0.466003    0.402679   0.0262818
          23     0.65702    0.430263   0.0200727
          23    0.295119    0.370014   0.0218068
          23    0.293155    0.425182   0.0454177
          23    0.224408    0.396296    0.067677
          23    0.163027    0.297894   0.0339811
          23    0.160081    0.248128   0.0305971
          23    0.159099    0.157007   0.0173997
          23    0.106066    0.123744   0.0172911
          23     0.15468   0.0918257   0.0115157
          23    0.133565    0.103162  0.00851449
          23   0.0402658   0.0957327   0.0106295
          23    0.031918   0.0415254  0.00873638
          23           0    0.019407  0.00508044
          23           0   0.0153719  0.00361644
          23   0.0260255   0.0102266  0.00342126
          23   0.0230792  0.00683195  0.00290105
          23           0           0           0
          23           0           0           0
          23           0           0           0
          23           0           0           0
          24  0.00294628  0.00603578  0.00198169
          24   0.0653092   0.0337799  0.00629059
          24    0.147805   0.0972681   0.0104763
          24     0.15026    0.142137    0.014163
          24    0.242086    0.250434   0.0244359
          24    0.343241    0.280919   0.0256675
          24    0.411497    0.366075   0.0272861
          24    0.489082    0.453625   0.0320182
          24     0.55832    0.452008   0.0264267
          24    0.265165     0.39695   0.0258038
          24    0.558811     0.43562   0.0199382
          24    0.461093    0.373809   0.0212258
          24    0.320162    0.420806   0.0437356
          24    0.301011    0.392326   0.0649735
          24    0.146332    0.291579   0.0331468
          24    0.115887    0.242618   0.0298142
          24    0.251907    0.160961   0.0171181
          24    0.141912    0.124501   0.0165872
          24    0.106557   0.0924395   0.0110522
          24    0.117851    0.103774  0.00818168
          24   0.0289717    0.092951   0.0105443
          24   0.0250434   0.0408387  0.00839931
          24  0.00294628   0.0187211  0.00491484
          24           0   0.0147314  0.00352202
          24   0.0491046   0.0118465  0.00364208
          24           0  0.00654729  0.00279411
          24           0           0           0
          24           0           0           0
          24           0           0           0
          24           0           0           0
          25           0  0.00579435  0.00191707
          25    0.073657    0.035375  0.00623792
          25    0.176286    0.100429   0.0105233
          25    0.188562    0.143994   0.0137177
          25    0.227846     0.24953   0.0234752
          25    0.274986    0.280682   0.0246419
          25    0.466003    0.370072   0.0264858
          25    0.407568    0.451782   0.0307904
          25    0.522473    0.454827   0.0255195
          25    0.273022    0.391993   0.0252433
          25    0.577962    0.441313    0.019937
          25    0.392837     0.37457   0.0203904
          25    0.419354    0.420748   0.0419862
          25    0.229319    0.385805   0.0627008
          25    0.351098     0.29396   0.0319063
          25    0.121288    0.237765    0.029014
          25    0.237175    0.164009   0.0167026
          25   0.0824958    0.122821   0.0160086
          25   0.0456673   0.0905686   0.0107673
          25   0.0672734    0.102314  0.00798363
          25   0.0726749   0.0921399   0.0101537
          25   0.0402658   0.0408158  0.00806337
          25   0.0063836   0.0182276  0.00474295
          25           0   0.0141421  0.00343008
          25   0.0491046   0.0133368  0.00378906
          25           0  0.00628539  0.00269459
          25           0           0           0
          25           0           0           0
          25           0           0           0
          25           0           0           0
          26   0.0176777   0.0062514  0.00189704
          26   0.0186598   0.0347321  0.00603104
          26    0.184633    0.103667   0.0106052
          26    0.207713    0.146445   0.0134072
          26    0.185124    0.247053   0.0227026
          26    0.237175    0.279009   0.0237509
          26    0.385962    0.370683   0.0254742
          26    0.336858    0.447362   0.0299218
          26     0.62412    0.461338   0.0253551
          26    0.368776      0.3911   0.0242882
          26     0.63836    0.448892   0.0205603
          26    0.410515    0.375953    0.019653
          26    0.303467    0.416237    0.040613
          26    0.327037    0.383545     0.06033
          26    0.388909    0.297612   0.0308875
          26    0.158117    0.234701   0.0280593
          26    0.210659    0.165804   0.0161563
          26   0.0702196    0.120797   0.0155202
          26   0.0687465   0.0897293   0.0103858
          26    0.021115   0.0991914  0.00826487
          26   0.0780764    0.091599  0.00977755
          26   0.0122762   0.0397181   0.0078276
          26           0   0.0175266  0.00461205
          26           0   0.0135982    0.003341
          26   0.0491046   0.0147125  0.00388505
          26           0  0.00604365  0.00260177
          26           0           0           0
          26           0           0           0
          26           0           0           0
          26           0           0           0
          27           0  0.00601986  0.00184085
          27   0.0206239   0.0342096  0.00583026
          27    0.194945    0.107048   0.0107377
          27    0.256326    0.150515   0.0135142
          27    0.280879    0.248306   0.0218963
          27    0.120797    0.273149    0.023583
          27    0.409042    0.372104   0.0245703
          27    0.366321    0.444361   0.0289637
          27    0.578453    0.465676   0.0247843
          27      0.4552    0.393474   0.0235044
          27    0.495957    0.450635   0.0198726
          27    0.462075    0.379142   0.0191822
          27    0.331456    0.413097     0.03923
          27    0.293155    0.380197   0.0581884
          27    0.387436    0.300939   0.0299221
          27    0.122762    0.230555   0.0273247
          27    0.321635    0.171575   0.0165567
          27    0.052542    0.118269   0.0151498
          27   0.0618718   0.0886975   0.0100523
          27  0.00343732   0.0956449  0.00868639
          27  0.00441942   0.0883702  0.00993426
          27    0.031427    0.039411  0.00754371
          27  0.00343732   0.0170048  0.00447066
          27           0   0.0130946    0.003255
          27   0.0491046   0.0159863  0.00394445
          27           0  0.00581981  0.00251502
          27           0           0           0
          27           0           0           0
          27           0           0           0
          27           0           0           0
          28           0  0.00580487  0.00178762
          28   0.0245523   0.0338647  0.00563223
          28    0.223917    0.111222    0.011136
          28    0.214096    0.152786    0.013221
          28    0.293646    0.249925   0.0211741
          28    0.273022    0.273145   0.0227408
          28    0.443906    0.374668   0.0238262
          28    0.299047    0.439171   0.0283905
          28    0.497921    0.466827   0.0239258
          28    0.317216     0.39075   0.0228222
          28    0.554391    0.454341   0.0195053
          28    0.379579    0.379158   0.0184971
          28    0.360428    0.411216    0.037874
          28    0.458146    0.382981   0.0561768
          28    0.275968    0.300047   0.0288667
          28    0.204275    0.229617   0.0263649
          28     0.25338    0.174497   0.0162212
          28   0.0878973    0.117185   0.0146476
          28   0.0928078   0.0888443  0.00969434
          28           0    0.092229  0.00902284
          28           0   0.0852141   0.0100683
          28           0   0.0380035  0.00740444
          28           0   0.0163974  0.00435205
          28           0   0.0126269  0.00317217
          28   0.0491046   0.0171691  0.00397696
          28           0  0.00561196  0.00243377
          28           0           0           0
          28           0           0           0
          28           0           0           0
          28           0           0           0
          29  0.00687465  0.00584176  0.00172636
          29     0.14535    0.037709  0.00662126
          29    0.166465    0.113127   0.0109137
          29    0.278914    0.157135   0.0134615
          29    0.109012    0.245066   0.0209941
          29    0.264674    0.272852   0.0219585
          29     0.51167    0.379393   0.0234683
          29    0.344715    0.435914   0.0275977
          29    0.530821    0.469034   0.0232024
          29    0.236193    0.385421   0.0226489
          29    0.674698    0.461939   0.0202587
          29    0.264674     0.37521   0.0182757
          29    0.455691     0.41275    0.036599
          29    0.401676    0.383626   0.0542433
          29    0.246505    0.298201   0.0279303
          29    0.228828     0.22959   0.0254558
          29   0.0756211    0.171087   0.0160161
          29    0.159099     0.11863   0.0142136
          29    0.106557   0.0894551  0.00937928
          29   0.0191508   0.0897091  0.00905676
          29   0.0270076    0.083207  0.00991919
          29           0    0.036693  0.00726415
          29           0    0.015832  0.00423855
          29  0.00147314   0.0122423  0.00308601
          29   0.0353553   0.0177962  0.00388895
          29   0.0122762  0.00584176  0.00236067
          29           0           0           0
          29           0           0           0
          29           0           0           0
          29           0           0           0
          30   0.0157135  0.00617082  0.00169988
          30   0.0653092    0.038629  0.00646415
          30    0.135038    0.113857   0.0105743
          30    0.245523    0.160081   0.0133313
          30    0.305431    0.247078   0.0203905
          30    0.432612    0.278178   0.0218627
          30    0.285789    0.376272   0.0228925
          30    0.349625    0.433037   0.0268272
          30    0.543097    0.471503   0.0225599
          30    0.313288    0.383016   0.0220212
          30    0.444888    0.461371   0.0195914
          30    0.412479    0.376453   0.0177087
          30     0.30985     0.40932   0.0355394
          30    0.530821    0.388532   0.0526567
          30     0.22048     0.29561   0.0271192
          30    0.175304     0.22778   0.0246715
          30   0.0874063    0.168298   0.0157233
          30    0.157135    0.119914   0.0137976
          30    0.148787   0.0914328   0.0092728
          30     0.08446   0.0895341  0.00875656
          30   0.0220971     0.08117  0.00979547
          30   0.0166956   0.0360264  0.00705253
          30 0.000982093    0.015337  0.00412607
          30 0.000491046   0.0118506   0.0030079
          30           0    0.017203   0.0038043
          30           0  0.00564703     0.00229
          30           0           0           0
          30           0           0           0
          30           0           0           0
          30           0           0           0
          31  0.00834779  0.00624104   0.0016465
          31   0.0874063   0.0402024  0.00644429
          31    0.165974    0.115538    0.010366
          31     0.20182    0.161428    0.012969
          31    0.299047    0.248755   0.0198015
          31    0.339313     0.28015   0.0212462
          31    0.364356    0.375888   0.0221573
          31    0.180214    0.424882   0.0271732
          31    0.612335    0.476046   0.0222849
          31    0.497921    0.386723   0.0216206
          31    0.532294    0.463659   0.0190925
          31    0.313779    0.374431   0.0172524
          31    0.418372    0.409612   0.0343942
          31    0.313288    0.386105    0.051014
          31    0.274004    0.294913   0.0262533
          31    0.127181    0.224535   0.0240881
          31   0.0721838    0.165198   0.0155187
          31    0.232756    0.123554   0.0138244
          31    0.174813   0.0941225  0.00935563
          31  0.00932988   0.0869469  0.00884805
          31   0.0785674    0.081086  0.00947985
          31           0   0.0348643  0.00692012
          31           0   0.0148423  0.00402252
          31           0   0.0114683  0.00293506
          31           0   0.0166481  0.00372183
          31           0  0.00546487  0.00222336
          31           0           0           0
          31           0           0           0
          31           0           0           0
          31           0           0           0
          32  0.00392837  0.00616877  0.00159663
          32   0.0535241   0.0406187  0.00625634
          32    0.163518    0.117038   0.0101499
          32    0.223426    0.163365   0.0127076
          32    0.241104    0.248516   0.0191841
          32    0.547026     0.28849   0.0221588
          32    0.343241    0.374868   0.0214883
          32    0.294137    0.420796   0.0266295
          32    0.529839    0.477727   0.0216518
          32    0.236193    0.382019   0.0214506
          32    0.639833    0.469164   0.0192733
          32    0.415425    0.375712   0.0167608
          32    0.323109    0.406909   0.0334254
          32    0.227354    0.381144   0.0496604
          32    0.203784    0.292065   0.0255869
          32    0.197401    0.223687   0.0233503
          32    0.103611    0.163273   0.0151527
          32    0.363374    0.131048   0.0152894
          32   0.0987003   0.0942656  0.00906436
          32   0.0132583   0.0846441  0.00886615
          32   0.0815137   0.0810994  0.00918361
          32           0   0.0337748  0.00678909
          32           0   0.0143785  0.00392347
          32           0   0.0111099  0.00286514
          32           0   0.0161278   0.0036417
          32           0  0.00529409  0.00216043
          32           0           0           0
          32           0           0           0
          32           0           0           0
          32           0           0           0
          33           0  0.00598184  0.00155915
          33  0.00343732    0.039492  0.00616737
          33    0.073657    0.115723  0.00992708
          33     0.25338    0.166093   0.0126119
          33    0.329983    0.250984    0.018761
          33    0.438995    0.293051   0.0219516
          33    0.548008    0.380115   0.0214681
          33    0.265165     0.41608   0.0262368
          33    0.555864    0.480095   0.0211248
          33     0.31918    0.380115   0.0208849
          33    0.383507    0.466568   0.0188633
          33    0.448816    0.377927   0.0163986
          33    0.377124    0.406006   0.0324247
          33     0.27695    0.377987   0.0482558
          33    0.271058    0.291429   0.0248195
          33    0.122762    0.220629   0.0228421
          33    0.105084     0.16151   0.0147957
          33     0.39431    0.139026   0.0167788
          33   0.0766032   0.0937303  0.00880547
          33   0.0122762   0.0824512  0.00886453
          33   0.0471405   0.0800703  0.00896279
          33           0   0.0327513  0.00666006
          33           0   0.0139427  0.00382869
          33           0   0.0107733  0.00279803
          33           0   0.0156391  0.00356399
          33           0  0.00513367  0.00210091
          33           0           0           0
          33           0           0           0
          33           0           0           0
          33           0           0           0
          34  0.00196419  0.00586367  0.00151776
          34  0.00294628   0.0384172  0.00607892
          34    0.143877    0.116551  0.00966958
          34    0.301502    0.170075   0.0128544
          34    0.289226    0.252109   0.0182429
          34    0.380561    0.295624   0.0214563
          34    0.383998    0.380229    0.020837
          34    0.451272    0.417115   0.0254855
          34     0.56765     0.48267   0.0206598
          34    0.266147    0.376763   0.0205379
          34    0.428683    0.465454   0.0183413
          34    0.353553     0.37721    0.015932
          34    0.385962    0.405417   0.0314764
          34    0.385962    0.378221   0.0468371
          34    0.279405    0.291075    0.024092
          34    0.160572    0.218862   0.0222385
          34    0.052542    0.158305   0.0147036
          34    0.285789    0.143342   0.0168314
          34    0.132583    0.094873  0.00862032
          34  0.00932988   0.0803005  0.00886085
          34  0.00147314   0.0777586  0.00899235
          34  0.00147314   0.0318314   0.0065274
          34   0.0368285   0.0146159  0.00377479
          34           0   0.0104564  0.00273361
          34           0   0.0151791  0.00348873
          34           0  0.00498268  0.00204454
          34           0           0           0
          34           0           0           0
          34           0           0           0
          34           0           0           0
          35  0.00491046  0.00583644  0.00147464
          35   0.0491046   0.0387225   0.0059129
          35    0.103611    0.116182  0.00940037
          35    0.325564    0.174518   0.0132326
          35    0.269584    0.252608   0.0177285
          35     0.36141    0.297504   0.0209255
          35    0.311814    0.378274   0.0203331
          35    0.373195     0.41586   0.0247883
          35      0.5539    0.484705   0.0201695
          35    0.400203    0.377432    0.019962
          35    0.510688    0.466747   0.0178628
          35     0.32851    0.375819   0.0155374
          35    0.345206    0.403696   0.0306241
          35     0.43654    0.379888   0.0455285
          35    0.301011    0.291359   0.0234053
          35    0.163518    0.217281   0.0216592
          35   0.0613808    0.155535   0.0145419
          35    0.169902    0.144101   0.0163676
          35    0.118833   0.0955576  0.00840116
          35   0.0373195   0.0790725  0.00869237
          35   0.0279896   0.0763367  0.00884715
          35           0   0.0309219  0.00640395
          35   0.0486136   0.0155872  0.00378986
          35 0.000491046   0.0101717   0.0026703
          35           0   0.0147454   0.0034159
          35           0  0.00484031  0.00199107
          35           0           0           0
          35           0           0           0
          35           0           0           0
          35           0           0           0
          36           0  0.00567431  0.00144257
          36           0   0.0376469  0.00584567
          36     0.11245    0.116078  0.00913982
          36    0.321144    0.178591   0.0134773
          36     0.38498    0.256285   0.0176132
          36    0.263201    0.296551   0.0203659
          36    0.313288    0.376469   0.0198483
          36    0.334403    0.413597   0.0242027
          36    0.403149    0.482439   0.0197361
          36    0.594166    0.383453    0.020295
          36     0.48319    0.467203   0.0173724
          36    0.402167    0.376551   0.0151231
          36    0.386945    0.403231   0.0297769
          36     0.41297    0.380806   0.0442731
          36    0.246014    0.290099    0.022789
          36    0.190035    0.216524   0.0210708
          36   0.0648181    0.153016   0.0143546
          36    0.148787    0.144231   0.0159134
          36    0.134547   0.0966407  0.00823731
          36   0.0476315   0.0781991  0.00849467
          36   0.0162045   0.0746663  0.00875765
          36  0.00294628   0.0301448  0.00627304
          36  0.00343732   0.0152497  0.00369958
          36    0.021115   0.0104757  0.00261337
          36   0.0157135   0.0147723  0.00332112
          36           0  0.00470586   0.0019403
          36           0           0           0
          36           0           0           0
          36           0           0           0
          36           0           0           0
          37  0.00441942   0.0056404  0.00140398
          37   0.0353553    0.037585  0.00568801
          37    0.124235    0.116298  0.00889546
          37    0.174321    0.178475   0.0131135
          37     0.43163    0.261024   0.0177633
          37    0.235702    0.294907   0.0198817
          37    0.324091    0.375053   0.0193623
          37    0.219989    0.408365   0.0241076
          37    0.535241    0.483866   0.0192542
          37    0.573051    0.388577   0.0203832
          37    0.525911     0.46879   0.0169752
          37    0.457655    0.378743   0.0148723
          37    0.458637    0.404728   0.0290098
          37    0.259272    0.377522   0.0431982
          37     0.28137    0.289863   0.0221743
          37    0.238157    0.217109   0.0205094
          37   0.0716928    0.150818   0.0141339
          37     0.11736    0.143505   0.0154999
          37    0.149769   0.0980766  0.00813887
          37   0.0854421   0.0783949  0.00826734
          37           0   0.0726483  0.00875037
          37           0   0.0293301  0.00615617
          37           0   0.0148376  0.00362248
          37           0   0.0101925  0.00255803
          37           0   0.0143731  0.00325527
          37           0  0.00457868  0.00189202
          37           0           0           0
          37           0           0           0
          37           0           0           0
          37           0           0           0
          38           0  0.00549197  0.00137485
          38   0.0294628   0.0373712  0.00554234
          38    0.137493    0.116856  0.00867883
          38    0.139948    0.177462   0.0128076
          38    0.287753    0.261728   0.0173098
          38    0.187089    0.292069     0.01956
          38    0.385962     0.37534   0.0188549
          38     0.45029    0.409468   0.0234985
          38    0.581399    0.486433   0.0189178
          38    0.614299    0.394517   0.0206942
          38    0.397257    0.466908   0.0166325
          38    0.454218    0.380729    0.014613
          38    0.375159     0.40395   0.0282568
          38    0.198874     0.37282   0.0423165
          38    0.381052    0.292263   0.0217203
          38     0.30052    0.219304   0.0200868
          38   0.0805316    0.148968   0.0138825
          38   0.0603987    0.141318   0.0152455
          38    0.159099   0.0996824  0.00808156
          38   0.0824958   0.0785028  0.00805049
          38           0   0.0707365  0.00872645
          38           0   0.0285582  0.00604236
          38           0   0.0144471  0.00354813
          38           0  0.00992431  0.00250473
          38           0   0.0139948   0.0031915
          38           0  0.00445818  0.00184607
          38           0           0           0
          38           0           0           0
          38           0           0           0
          38           0           0           0
          39           0  0.00535115  0.00134679
          39   0.0196419   0.0369166  0.00541884
          39    0.121288     0.11697  0.00845704
          39    0.139948      0.1765   0.0125152
          39    0.291191    0.262483   0.0168824
          39    0.288735    0.291984   0.0190586
          39    0.503323    0.378622   0.0186548
          39    0.479752     0.41127   0.0229649
          39    0.448325    0.485456   0.0184579
          39    0.650145    0.401072   0.0211762
          39    0.421809    0.465751   0.0162462
          39    0.441942    0.382298   0.0143223
          39    0.272531    0.400581   0.0277325
          39    0.133074    0.366673   0.0416756
          39    0.350116    0.293746   0.0212139
          39    0.191017    0.218579   0.0195849
          39    0.134056    0.148586   0.0135318
          39    0.116378    0.140678    0.014868
          39    0.148296    0.100929  0.00796989
          39   0.0869152   0.0787185  0.00784695
          39   0.0471405   0.0701315  0.00852364
          39   0.0176777   0.0282792  0.00589387
          39           0   0.0140767  0.00347644
          39           0  0.00966984   0.0024534
          39           0    0.013636  0.00312978
          39           0  0.00434387  0.00180227
          39           0           0           0
          39           0           0           0
          39           0           0           0
          39           0           0           0
          40           0  0.00521737  0.00131975
          40           0   0.0359937  0.00536139
          40   0.0854421    0.116182  0.00828227
          40    0.231774    0.177882   0.0122784
          40    0.294628    0.263287   0.0164794
          40    0.282352    0.291743   0.0185837
          40     0.68992    0.386404   0.0197452
          40    0.368285    0.410196   0.0224159
          40    0.319671    0.481311   0.0184559
          40    0.631486    0.406832   0.0214159
          40    0.503814    0.466703   0.0158679
          40    0.316725    0.380659   0.0140578
          40    0.294628    0.397932   0.0271653
          40    0.117851    0.360453   0.0410953
          40    0.296101    0.293805   0.0206837
          40    0.235211    0.218994   0.0190997
          40    0.227846    0.150567   0.0133378
          40   0.0795495     0.13915   0.0145747
          40    0.145841    0.102052  0.00784933
          40    0.146823   0.0804211  0.00783332
          40   0.0353553   0.0692621  0.00835477
          40           0   0.0275723  0.00578877
          40           0   0.0137247  0.00340729
          40           0  0.00942809  0.00240395
          40           0   0.0132951  0.00307004
          40           0  0.00423527  0.00176048
          40           0           0           0
          40           0           0           0
          40           0           0           0
          40           0           0           0
          41           0  0.00509011  0.00129368
          41  0.00982093   0.0353553  0.00526849
          41   0.0942809    0.115647  0.00809747
          41    0.267129    0.180058   0.0121704
          41    0.411988    0.266914   0.0164718
          41    0.303467    0.292029   0.0181326
          41    0.406095    0.386885   0.0192694
          41    0.438995    0.410898   0.0218802
          41    0.362392    0.478411   0.0182323
          41    0.491537    0.408898    0.020993
          41    0.520509    0.468015   0.0155351
          41    0.395292    0.381016   0.0137195
          41     0.30985    0.395783   0.0265876
          41    0.242577    0.357578   0.0401934
          41    0.254853    0.292855    0.020201
          41    0.236684    0.219426   0.0186387
          41    0.201329    0.151805   0.0130698
          41     0.04223    0.136786   0.0144096
          41    0.164009    0.103563    0.007802
          41    0.102138   0.0809508  0.00766015
          41   0.0417389   0.0685908  0.00817792
          41   0.0063836   0.0270555   0.0056706
          41           0     0.01339  0.00334059
          41           0  0.00919814  0.00235629
          41           0   0.0129708  0.00301224
          41           0  0.00413198  0.00172057
          41           0           0           0
          41           0           0           0
          41           0           0           0
          41           0           0           0
          42   0.0378106  0.00586917  0.00147897
          42   0.0520509   0.0357529  0.00515802
          42    0.129636     0.11598  0.00791152
          42    0.247487    0.181664    0.011986
          42    0.276459    0.267141   0.0160812
          42    0.274004      0.2916   0.0177059
          42    0.435558    0.388044   0.0188454
          42    0.446852    0.411754    0.021376
          42    0.346679    0.475274    0.018066
          42    0.541624    0.412058   0.0207297
          42    0.454218    0.467687   0.0151686
          42    0.526402    0.384478   0.0138226
          42    0.338331    0.394415   0.0259897
          42    0.118342    0.351881    0.039638
          42    0.306413    0.293178   0.0197226
          42    0.244541    0.220024   0.0182045
          42    0.135038    0.151406   0.0127647
          42     0.11245    0.136207   0.0140782
          42    0.140439    0.104441  0.00766548
          42   0.0383016   0.0799353  0.00754477
          42   0.0829868   0.0689336  0.00799039
          42   0.0176777   0.0268322  0.00553998
          42           0   0.0130712  0.00327623
          42           0  0.00897913  0.00231034
          42           0    0.012662  0.00295631
          42           0   0.0040336  0.00168241
          42           0           0           0
          42           0           0           0
          42           0           0           0
          42           0           0           0
          43 0.000982093  0.00575552  0.00144893
          43   0.0294628   0.0356066  0.00504014
          43    0.109503     0.11583  0.00772896
          43    0.316725    0.184805   0.0121118
          43    0.468458    0.271823   0.0163745
          43    0.200838    0.289489   0.0174195
          43    0.274986    0.385414   0.0185897
          43    0.409533    0.411702   0.0208789
          43    0.450781    0.474705   0.0176548
          43    0.519036    0.414546   0.0203963
          43    0.508233     0.46863   0.0148452
          43    0.429175    0.385517   0.0135402
          43    0.292173    0.392038   0.0254938
          43    0.257799    0.349694   0.0387765
          43    0.337349    0.294205   0.0192907
          43    0.249943     0.22072   0.0177944
          43   0.0883883     0.14994   0.0125517
          43   0.0545061    0.134307   0.0138784
          43    0.189544     0.10642  0.00773849
          43    0.052542   0.0792983  0.00739615
          43    0.063345   0.0688036  0.00780562
          43           0   0.0262082  0.00544617
          43           0   0.0127672  0.00321411
          43           0  0.00877032  0.00226603
          43           0   0.0123675  0.00290218
          43           0  0.00393979   0.0016459
          43           0           0           0
          43           0           0           0
          43           0           0           0
          43           0           0           0
          44           0  0.00562471   0.0014219
          44   0.0147314   0.0351321  0.00494787
          44   0.0363374    0.114023  0.00776158
          44    0.264674     0.18662   0.0119718
          44    0.392837    0.274573   0.0162317
          44     0.23914    0.288345   0.0170612
          44    0.350116    0.384612   0.0181845
          44    0.385471    0.411106   0.0204129
          44    0.526893    0.475891   0.0172933
          44    0.590729     0.41855    0.020322
          44     0.49252    0.469172   0.0145177
          44    0.427701    0.386476   0.0132663
          44    0.468458    0.393775   0.0249735
          44    0.176777    0.345764   0.0380939
          44    0.262219    0.293478   0.0188659
          44    0.235702     0.22106   0.0173933
          44    0.124235    0.149356     0.01228
          44   0.0181687    0.131667   0.0138117
          44    0.167938    0.107818  0.00768788
          44   0.0795495    0.079304  0.00722806
          44   0.0491046   0.0683559  0.00764105
          44           0   0.0256125  0.00535487
          44           0    0.012477  0.00315413
          44           0  0.00857099  0.00222328
          44           0   0.0120864   0.0028498
          44           0  0.00385025  0.00161093
          44           0           0           0
          44           0           0           0
          44           0           0           0
          44           0           0           0
          45           0  0.00549972  0.00139578
          45           0   0.0343514  0.00489913
          45   0.0658002    0.112952  0.00766272
          45     0.15026    0.185812    0.011733
          45    0.385962    0.277048   0.0160586
          45    0.227846       0.287   0.0167349
          45    0.522964    0.387687   0.0180384
          45    0.496448    0.413003   0.0200472
          45    0.404622    0.474307   0.0169814
          45    0.470913    0.419714   0.0199037
          45    0.530821    0.470542   0.0142596
          45    0.509706    0.389214   0.0132512
          45     0.38007     0.39347   0.0244204
          45    0.191508    0.342336   0.0374012
          45    0.310341    0.293853   0.0184504
          45    0.250434    0.221713    0.017019
          45   0.0618718    0.147412   0.0121601
          45   0.0491046    0.129833   0.0136261
          45    0.196419    0.109787  0.00776507
          45   0.0260255     0.07812  0.00716375
          45   0.0412479   0.0677535  0.00749496
          45   0.0309359   0.0257308  0.00523718
          45           0   0.0121998   0.0030962
          45           0  0.00838052  0.00218201
          45           0   0.0118178   0.0027991
          45           0  0.00376469   0.0015774
          45           0           0           0
          45           0           0           0
          45           0           0           0
          45           0           0           0
          46           0  0.00538016  0.00137055
          46           0   0.0336047   0.0048492
          46   0.0378106    0.111318  0.00766828
          46    0.271058    0.187665   0.0116234
          46    0.270076    0.276897   0.0157103
          46    0.297083    0.287219   0.0163726
          46    0.341768    0.386688   0.0176739
          46     0.54899    0.415959   0.0198282
          46    0.226372    0.468917   0.0174467
          46    0.652601    0.424776   0.0201046
          46    0.524438    0.471714   0.0139976
          46    0.672242    0.395367   0.0143205
          46    0.341277    0.392335   0.0239159
          46    0.156153    0.338288   0.0368065
          46    0.321144    0.294446   0.0180589
          46    0.252889    0.222391   0.0166625
          46   0.0815137     0.14598   0.0119798
          46   0.0245523    0.127544   0.0135207
          46     0.19249    0.111585  0.00780162
          46   0.0240613   0.0769448  0.00710375
          46   0.0608898   0.0676043  0.00733351
          46  0.00589256   0.0252996  0.00514105
          46           0   0.0119346  0.00304023
          46           0  0.00819834  0.00214217
          46           0   0.0115609  0.00275002
          46           0  0.00368285  0.00154523
          46           0           0           0
          46           0           0           0
          46           0           0           0
          46           0           0           0
          47  0.00540151  0.00538061  0.00134139
          47   0.0073657   0.0330464  0.00477806
          47   0.0265165    0.109514  0.00771447
          47     0.22981    0.188562   0.0114106
          47    0.421318     0.27997   0.0156736
          47    0.206239    0.285496   0.0161146
          47    0.414443    0.387279   0.0173077
          47     0.44587    0.416595   0.0194165
          47    0.313779    0.465616   0.0173849
          47    0.522473    0.426855    0.019784
          47     0.49252    0.472157   0.0137068
          47    0.669296    0.401195   0.0151555
          47    0.346679    0.391364   0.0234268
          47    0.156644    0.334423   0.0362257
          47    0.337349    0.295359   0.0176977
          47    0.355027    0.225213   0.0165452
          47   0.0770943    0.144514   0.0118142
          47  0.00392837    0.124914   0.0134864
          47    0.118342    0.111729  0.00763696
          47   0.0962451   0.0773555  0.00696447
          47   0.0569614   0.0673778  0.00718097
          47           0   0.0247613  0.00505977
          47           0   0.0116806  0.00298613
          47           0  0.00802391  0.00210368
          47           0    0.011315  0.00270249
          47           0  0.00360449  0.00151434
          47           0           0           0
          47           0           0           0
          47           0           0           0
          47           0           0           0
          48  0.00245523  0.00531967  0.00131483
          48   0.0466494   0.0333298  0.00468691
          48   0.0338822    0.107938  0.00771299
          48    0.213605    0.189084   0.0111848
          48    0.359446    0.281625   0.0154343
          48    0.257799    0.284919   0.0157892
          48    0.359446    0.386699   0.0169568
          48    0.533767    0.419036   0.0191648
          48    0.438504    0.465052   0.0170319
          48    0.507742     0.42854   0.0194435
          48      0.3565    0.469747   0.0136314
          48    0.451272    0.402239   0.0148756
          48    0.443906    0.392459   0.0229643
          48    0.232756    0.332305   0.0355329
          48    0.285789     0.29516   0.0173301
          48    0.354044    0.227897   0.0164168
          48    0.132091    0.144255   0.0115709
          48   0.0554882    0.123467   0.0132828
          48    0.131109    0.112132  0.00748852
          48   0.0476315   0.0767362  0.00684685
          48   0.0191508   0.0663731  0.00710131
          48   0.0402658   0.0250843  0.00496466
          48           0   0.0114373  0.00293382
          48           0  0.00785674  0.00206649
          48           0   0.0110792  0.00265644
          48           0   0.0035294  0.00148465
          48           0           0           0
          48           0           0           0
          48           0           0           0
          48           0           0           0
          49           0   0.0052111  0.00129247
          49    0.021606   0.0330905  0.00459736
          49   0.0785674    0.107339  0.00757883
          49    0.223917    0.189794   0.0109791
          49    0.439487    0.284847   0.0154519
          49    0.304449    0.285318    0.015472
          49    0.293646      0.3848   0.0167168
          49    0.514617    0.420987   0.0188727
          49     0.49252    0.465612   0.0166935
          49    0.580417     0.43164   0.0192921
          49    0.362392    0.467556   0.0135281
          49    0.270567    0.399551   0.0148127
          49    0.223917    0.389019   0.0227517
          49    0.408551    0.333861   0.0348418
          49    0.215078    0.293525   0.0170533
          49    0.341768    0.230221   0.0162454
          49    0.216551    0.145731   0.0114285
          49    0.133565    0.123674   0.0130133
          49   0.0918257    0.111718  0.00734715
          49   0.0176777   0.0755309  0.00681238
          49   0.0171866   0.0653693  0.00702697
          49   0.0166956   0.0249131  0.00486629
          49   0.0383016   0.0119855  0.00292472
          49           0   0.0076964  0.00203052
          49           0   0.0108531  0.00261184
          49           0  0.00345737   0.0014561
          49           0           0           0
          49           0           0           0
          49           0           0           0
          49           0           0           0
          50           0  0.00510688  0.00127081
          50   0.0186598   0.0328019  0.00451447
          50   0.0658002    0.106508  0.00747265
          50    0.282352    0.191646   0.0109145
          50    0.463548    0.288421   0.0155507
          50    0.287753    0.285367   0.0151627
          50    0.212132    0.381347   0.0167353
          50    0.541624      0.4234   0.0186489
          50    0.439487     0.46509   0.0163678
          50    0.509215    0.433191   0.0189686
          50     0.43654    0.466936   0.0132718
          50    0.335385    0.398268   0.0145719
          50    0.204275    0.385324   0.0225947
          50    0.352571    0.334236    0.034147
          50    0.415916    0.295973    0.016887
          50    0.308377    0.231784   0.0159955
          50     0.17825    0.146381   0.0112184
          50   0.0549972      0.1223   0.0128253
          50    0.102629    0.111536  0.00720246
          50   0.0446852    0.074914  0.00670401
          50           0   0.0640619    0.007007
          50           0   0.0244148   0.0047944
          50   0.0491046   0.0127279  0.00295895
          50           0  0.00754247  0.00199574
          50           0   0.0106361   0.0025686
          50           0  0.00338822  0.00142862
          50           0           0           0
          50           0           0           0
          50           0           0           0
          50           0           0           0
