   BINSIZE: 0.146667
# VELOCITY:     AVE_POFV:        ERROR:
           1       0.254       0.254           0
           1       1.584       1.584           0
           1       4.129       4.129           0
           1         6.9         6.9           0
           1       9.208       9.208           0
           1      10.586      10.586           0
           1      11.518      11.518           0
           1      11.425      11.425           0
           1      10.687      10.687           0
           1      10.318      10.318           0
           1       8.152       8.152           0
           1        7.64        7.64           0
           1       5.239       5.239           0
           1       3.338       3.338           0
           1       2.387       2.387           0
           1       1.817       1.817           0
           1       1.144       1.144           0
           1       0.789       0.789           0
           1       0.392       0.392           0
           1       0.219       0.219           0
           1       0.126       0.126           0
           1       0.115       0.115           0
           1       0.033       0.033           0
           1           0           0           0
           1           0           0           0
           1           0           0           0
           1           0           0           0
           1           0           0           0
           1           0           0           0
           1           0           0           0
           2       0.343      0.2985   0.0314663
           2       1.638       1.611   0.0190919
           2       3.386      3.7575     0.26269
           2       6.513      6.7065    0.136825
           2       9.758       9.483    0.194454
           2      11.866      11.226    0.452548
           2      12.083     11.8005    0.199758
           2      11.875       11.65    0.159099
           2      11.606     11.1465    0.324916
           2      10.185     10.2515   0.0470226
           2       8.413      8.2825   0.0922774
           2       6.655      7.1475     0.34825
           2       4.602      4.9205    0.225214
           2       3.077      3.2075   0.0922774
           2       2.075       2.231    0.110309
           2       1.292      1.5545    0.185616
           2       0.852       0.998    0.103238
           2        0.73      0.7595   0.0208597
           2       0.501      0.4465   0.0385373
           2       0.234      0.2265   0.0053033
           2       0.242       0.184   0.0410122
           2       0.074      0.0945   0.0144957
           2           0      0.0165   0.0116673
           2           0           0           0
           2           0           0           0
           2           0           0           0
           2           0           0           0
           2           0           0           0
           2           0           0           0
           2           0           0           0
           3       0.185    0.260667   0.0373403
           3       1.113       1.445    0.136135
           3       3.019     3.51133    0.266586
           3       5.787         6.4    0.266362
           3       8.841       9.269    0.217569
           3      10.679     11.0437    0.336431
           3      12.221     11.9407    0.175592
           3      13.409     12.2363    0.490348
           3      13.015     11.7693    0.552752
           3       9.954     10.1523   0.0868259
           3        7.83     8.13167    0.137665
           3       6.924       7.073    0.240003
           3       5.745     5.19533    0.269997
           3       3.718     3.37767    0.151951
           3       2.721     2.39433    0.152293
           3       1.379       1.496    0.132642
           3       0.842       0.946   0.0808675
           3       0.285    0.601333    0.129889
           3       0.217        0.37   0.0675393
           3       0.082    0.178333   0.0394865
           3       0.034       0.134   0.0491347
           3           0       0.063   0.0274752
           3           0       0.011  0.00898146
           3           0           0           0
           3           0           0           0
           3           0           0           0
           3           0           0           0
           3           0           0           0
           3           0           0           0
           3           0           0           0
           4       0.177     0.23975    0.033353
           4       1.243      1.3945    0.111073
           4       3.343     3.46925    0.203234
           4       6.016       6.304    0.216381
           4        8.57     9.09425    0.222553
           4       10.82     10.9878    0.256928
           4      12.126      11.987    0.137671
           4      11.186     11.9738    0.432389
           4      11.166     11.6185    0.434656
           4      10.269     10.1815   0.0698467
           4       9.095      8.3725    0.232725
           4       8.321       7.385    0.324667
           4       5.999     5.39625    0.266985
           4       4.215       3.587    0.214133
           4       2.677       2.465    0.129582
           4       1.132       1.405    0.126915
           4       0.765     0.90075   0.0722092
           4       0.355     0.53975     0.11106
           4       0.254       0.341   0.0565387
           4        0.21     0.18625   0.0303981
           4       0.061     0.11575   0.0400973
           4           0     0.04725   0.0247118
           4           0     0.00825  0.00714471
           4           0           0           0
           4           0           0           0
           4           0           0           0
           4           0           0           0
           4           0           0           0
           4           0           0           0
           4           0           0           0
           5       0.121       0.216   0.0341057
           5       1.473      1.4102   0.0899615
           5       3.681      3.5116    0.166941
           5        5.43      6.1292    0.233258
           5        7.32      8.7394    0.363915
           5      10.316     10.8534    0.238092
           5      12.234     12.0364    0.118669
           5      12.184     12.0158     0.34795
           5      11.941      11.683    0.352478
           5      11.192     10.3836    0.189203
           5       8.683      8.4346    0.194289
           5       7.576      7.4232    0.261972
           5       5.563      5.4296    0.215661
           5       3.979      3.6654    0.185103
           5       2.486      2.4692    0.103734
           5       1.662      1.4564    0.111455
           5       1.028      0.9262   0.0620905
           5        0.49      0.5298    0.089293
           5       0.293      0.3314   0.0460388
           5       0.192      0.1874   0.0243403
           5       0.074      0.1074   0.0329358
           5       0.082      0.0542   0.0207237
           5           0      0.0066  0.00590322
           5           0           0           0
           5           0           0           0
           5           0           0           0
           5           0           0           0
           5           0           0           0
           5           0           0           0
           5           0           0           0
           6       0.076    0.192667   0.0355173
           6       1.234     1.38083   0.0796169
           6       3.616       3.529    0.140022
           6       6.582     6.20467    0.206229
           6       9.447     8.85733    0.321805
           6      11.227     10.9157    0.206391
           6      12.995     12.1962    0.176212
           6      12.353      12.072    0.294462
           6       10.88     11.5492    0.318127
           6       9.453     10.2285    0.211911
           6       8.131       8.384    0.168367
           6       6.991     7.35117    0.227998
           6       5.061     5.36817    0.188264
           6       3.834      3.6935    0.156371
           6       2.719     2.51083   0.0944306
           6         1.4       1.447    0.093275
           6       0.894    0.920833   0.0519735
           6       0.503    0.525333   0.0745224
           6       0.205    0.310333   0.0429157
           6       0.238    0.195833   0.0216954
           6       0.134    0.111833   0.0277433
           6       0.027   0.0496667   0.0177587
           6           0      0.0055  0.00502079
           6           0           0           0
           6           0           0           0
           6           0           0           0
           6           0           0           0
           6           0           0           0
           6           0           0           0
           6           0           0           0
           7       0.125       0.183   0.0317317
           7        1.06       1.335   0.0803599
           7       3.201     3.48214    0.127618
           7       6.183     6.20157    0.176791
           7       8.235     8.76843    0.287851
           7       9.934     10.7754    0.219438
           7      12.401     12.2254    0.153449
           7      13.065     12.2139    0.284522
           7       12.65     11.7064    0.309116
           7      10.617      10.284    0.188766
           7       9.439     8.53471     0.20074
           7       7.197     7.32914    0.196488
           7       4.714     5.27471      0.1831
           7       3.514     3.66786    0.136118
           7       2.347     2.48743   0.0837908
           7         1.6     1.46886   0.0824711
           7       0.834    0.908429   0.0460053
           7        0.47    0.517429   0.0642942
           7       0.277    0.305571   0.0370482
           7       0.062    0.176714   0.0256736
           7       0.075    0.106571   0.0242738
           7           0   0.0425714   0.0165786
           7           0  0.00471429  0.00436458
           7           0           0           0
           7           0           0           0
           7           0           0           0
           7           0           0           0
           7           0           0           0
           7           0           0           0
           7           0           0           0
           8       0.141     0.17775   0.0281962
           8        1.51     1.35688   0.0732317
           8       3.465        3.48    0.111684
           8       6.173       6.198    0.154728
           8       9.341        8.84    0.260616
           8      10.704     10.7665     0.19219
           8      11.081     12.0824    0.189563
           8      12.714     12.2764    0.255733
           8      11.405     11.6688    0.272763
           8       9.951     10.2424    0.169698
           8       8.632     8.54688    0.176016
           8       7.035     7.29237    0.175333
           8       6.088     5.37638    0.186309
           8       4.261       3.742    0.137825
           8         2.2      2.4515   0.0806528
           8       1.429     1.46387   0.0723126
           8       0.791     0.89375   0.0425319
           8       0.485    0.513375   0.0563851
           8       0.353      0.3115   0.0328881
           8       0.185     0.17775   0.0224852
           8       0.056     0.10025   0.0220474
           8           0     0.03725   0.0153366
           8           0    0.004125  0.00385858
           8           0           0           0
           8           0           0           0
           8           0           0           0
           8           0           0           0
           8           0           0           0
           8           0           0           0
           8           0           0           0
           9       0.246    0.185333   0.0260631
           9       1.323     1.35311   0.0651915
           9       3.462       3.478   0.0992924
           9       5.992     6.17511    0.139218
           9       9.785       8.945    0.251924
           9       11.89     10.8913    0.207453
           9      12.262     12.1023    0.169548
           9      12.003      12.246    0.229115
           9      10.903     11.5837    0.255382
           9       9.954     10.2103    0.153837
           9       8.891     8.58511    0.160558
           9       6.947       7.254    0.159996
           9       5.011     5.33578    0.169974
           9       3.107     3.67144    0.139406
           9       2.158     2.41889   0.0780062
           9       1.654       1.485   0.0672928
           9       0.919    0.896556   0.0378985
           9       0.524    0.514556   0.0501324
           9        0.41    0.322444   0.0310014
           9       0.298    0.191111   0.0236254
           9       0.186    0.109778   0.0215583
           9       0.075   0.0414444   0.0141945
           9           0  0.00366667  0.00345697
           9           0           0           0
           9           0           0           0
           9           0           0           0
           9           0           0           0
           9           0           0           0
           9           0           0           0
           9           0           0           0
          10       0.254      0.1922   0.0243445
          10        1.77      1.3948   0.0707574
          10       3.606      3.4908   0.0901845
          10       5.741      6.1317    0.131891
          10       9.392      8.9897    0.230663
          10      12.129     11.0151    0.220559
          10      12.478     12.1399      0.1567
          10      12.155     12.2369    0.206384
          10      11.189     11.5442    0.232873
          10        9.72     10.1613    0.146059
          10       8.578      8.5844    0.144503
          10       6.973      7.2259    0.146443
          10       4.607      5.2629    0.167875
          10       3.549      3.6592    0.126002
          10       2.337      2.4107   0.0706341
          10       1.579      1.4944   0.0612165
          10       0.761       0.883   0.0364524
          10       0.432      0.5063   0.0457939
          10       0.342      0.3244   0.0279629
          10       0.219      0.1939   0.0214268
          10       0.053      0.1041   0.0201363
          10       0.056      0.0429   0.0128495
          10        0.05      0.0083  0.00538526
          10        0.03       0.003  0.00284605
          10           0           0           0
          10           0           0           0
          10           0           0           0
          10           0           0           0
          10           0           0           0
          10           0           0           0
