# best_L1 average_L1
415.656 472.694
402.119 452.192
390.74 431.892
379.672 419.827
367.623 406.194
350.786 393.684
347.473 381.497
344.2 370.741
341.838 360.861
333.578 352.069
328.427 347.178
323.045 341.989
318.224 336.793
316.563 330.902
305.207 326.238
301.994 320.679
293.346 314.985
285.458 309.707
279.034 304.172
276.657 297.241
275.553 291.872
273.013 287.046
269.936 283
263.959 279.024
262.571 275.236
258.973 272.339
252.661 269.396
252.661 266.845
251.805 263.366
248.28 259.558
245.115 256.577
242.657 253.837
235.978 250.994
233.838 248.358
233.018 246.135
232.472 242.284
227.928 239.517
227.011 236.917
226.237 234.211
221.937 232.28
218.678 230.248
217.771 227.756
214.653 225.802
211.556 223.401
209.504 220.675
207.449 217.612
204.931 215.948
201.779 213.465
199.221 210.772
199.081 208.374
196.762 205.26
194.162 202.875
189.644 200.293
189.555 197.984
187.73 195.652
187.649 192.351
185.755 190.352
183.837 188.803
183.505 187.679
180.475 186.619
179.583 185.789
178.739 184.294
176.074 183.015
173.169 181.795
172.28 179.86
169.747 177.666
169.747 176.239
168.879 174.372
166.315 173.318
164.494 172.817
164.494 171.77
163.501 171.017
162.445 169.624
161.372 167.666
160.042 165.488
158.267 164.084
157.171 163.172
155.25 162.541
154.725 161.219
154.41 159.017
152.296 157.144
151.296 156.113
150.54 155.134
148.878 153.561
148.079 152.341
146.518 151.585
145.412 150.458
145.383 149.375
144.635 147.7
144.526 147.156
143.253 146.326
142.225 145.704
141.996 145.05
141.718 144.238
137.266 143.5
137.266 142.68
135.621 141.345
135.621 140.12
134.458 139.257
133.091 138.046
134.256 138.449
133.1 137.637
133.091 136.678
131.565 136.047
130.437 135.356
130.437 134.475
130.437 133.542
130.121 132.327
129.18 131.331
128.865 131.064
128.848 130.668
127.796 129.912
127.796 129.788
127.63 130.14
126.648 131.099
125.93 131.473
125.93 131.302
124.867 130.491
123.866 129.45
123.866 128.335
123.308 127.079
123.308 125.892
122.196 124.8
122.167 124.143
121.688 123.921
121.63 123.74
120.737 123.508
120.483 123.228
120.483 123.816
119.089 123.837
118.394 123.877
117.767 123.357
117.767 122.73
117.536 121.097
116.115 119.295
116.115 119.238
116.115 118.699
115.379 118.817
115.379 118.864
115.379 118.653
115.379 117.714
114.074 116.169
114.074 115.691
112.99 115.169
112.99 114.925
112.99 114.287
112.402 114.274
112.402 113.696
111.999 113.053
111.999 112.695
110.884 112.469
110.767 112.183
109.941 111.868
109.724 111.304
109.163 110.799
109.163 110.603
108.338 110.39
108.338 109.798
107.979 109.324
107.86 108.691
106.935 108.313
106.372 108.032
106.253 107.591
106.253 107.156
105.399 106.738
105.2 106.469
104.737 106.142
104.737 105.76
104.175 105.603
104.175 105.44
104.175 105.292
103.213 104.948
103.074 104.406
102.811 104.002
102.515 103.605
102.113 103.327
101.012 103.035
100.852 102.802
100.852 102.437
100.6 101.939
100.6 101.159
100.597 100.882
100.184 100.782
100.184 100.633
100.184 100.581
99.2324 100.344
99.2324 100.269
99.2324 100.287
99.0983 100.356
99.0841 100.55
99.0841 100.604
98.1719 100.814
98.1719 100.954
97.5024 100.537
95.5583 99.9939
94.6279 99.0043
94.6279 97.7573
94.6279 96.5849
93.5409 95.3599
93.5339 94.7563
84.587 94.1005
84.587 92.9592
84.587 91.2219
84.2638 89.0928
84.2638 86.6072
84.2638 85.1347
84.1219 84.603
84.0252 84.3573
83.7017 84.3572
83.7017 84.1391
82.8843 84.4482
82.8843 85.5182
82.8843 85.7012
81.4954 85.017
81.3387 83.3838
81.3387 82.4426
81.2643 81.9116
81.0248 81.6295
80.8592 81.3843
80.5453 81.2448
80.3371 81.0442
80.1804 80.8152
79.8576 80.614
79.7009 80.3464
79.4473 80.0636
79.2906 79.834
79.2906 79.7689
79.2906 79.5455
79.2906 79.4361
79.2906 79.3201
78.2745 79.2942
78.2745 79.1998
78.2745 78.9118
78.2745 78.6355
78.268 78.3816
78.199 78.2742
78.199 78.2683
78.199 78.2445
78.199 78.2205
78.1953 78.2047
78.162 78.199
78.1583 78.1957
78.1583 78.1835
78.1474 78.1707
78.1474 78.1617
78.1258 78.1544
78.1258 78.1662
78.1113 78.3125
78.1113 79.571
78.0565 79.4141
78.0565 79.3166
78.0021 79.6467
78.0021 80.4757
78.0021 80.544
78.0021 79.5849
78.0021 78.4627
78.0021 78.011
78.0021 78.0021
78.0021 78.0021
78.0021 78.0021
78.0021 78.0021
78.0021 78.0021
78.0021 78.0021
78.0021 78.0021
78.0021 78.0021
78.0021 78.0021
78.0021 78.0021
78.0021 78.0021
78.0021 78.0021
78.0021 78.0021
78.0021 78.0021
78.0021 78.0021
78.0021 78.0021
77.7215 78.0016
77.7215 77.9808
77.5908 77.9117
77.5908 77.8793
77.487 78.206
77.487 79.1456
77.487 79.4384
77.487 78.8913
77.487 78.2342
77.487 77.8736
77.4464 77.5078
77.0945 77.485
77.0945 77.4404
77.0515 77.3122
76.9594 77.2006
76.8343 77.1336
76.8343 77.0504
76.3635 77.0057
76.3635 76.9806
76.3635 76.6727
76.3635 76.5244
76.3635 76.4558
76.2815 76.3701
76.2815 76.3563
75.9521 76.3321
75.7523 76.2966
75.7204 76.5085
71.7909 76.9892
71.7909 76.8964
71.7909 75.5505
71.7909 74.3031
71.7909 72.6394
71.7909 72.0145
71.4093 71.8027
71.4093 71.7634
71.4093 71.6551
71.4093 71.5238
71.4093 71.429
71.4093 71.4093
71.4093 71.4093
71.4093 71.4093
71.4093 71.4093
71.4093 71.4093
71.4093 71.4093
71.4093 71.4093
71.4093 71.4093
71.4093 71.4093
71.4093 71.4093
71.315 71.4091
71.315 71.401
71.0417 71.372
71.0417 71.3206
71.0417 71.2234
70.8962 71.1223
70.8962 71.0515
70.8962 70.9884
70.8962 70.939
70.8962 70.9032
70.8962 70.8962
70.8962 70.8962
70.8962 70.8962
70.8962 70.8962
70.8332 70.8961
70.8332 70.8905
70.8332 70.8715
70.8332 70.8506
70.8332 70.835
70.8332 70.8332
70.8332 70.8332
70.8332 70.8332
70.5651 70.8326
70.5651 70.8063
70.5651 70.7051
70.5078 70.611
70.5078 70.5656
70.5078 70.5394
70.5078 70.5208
70.5078 70.5128
70.5078 70.5078
70.5078 70.5078
70.5078 70.5078
70.5078 70.5078
70.5078 70.5078
70.4568 70.5077
70.4568 70.5027
70.4568 70.4857
70.4568 70.468
70.4568 70.4568
70.4568 70.4568
70.4568 70.4568
70.4568 70.4568
70.4568 70.4568
70.4568 70.4568
70.4568 70.4568
70.4436 70.4568
70.4436 70.4556
70.4436 70.4509
70.4436 70.4468
69.8624 70.443
69.2333 70.3776
68.6521 70.1186
68.6521 69.6897
68.6521 69.1723
68.6521 68.8164
68.6521 68.7101
68.6521 69.7581
68.6521 70.9789
68.6521 71.0432
68.6521 69.4971
68.6521 68.7706
68.6521 68.6521
68.6521 68.6521
68.6521 68.6521
68.3058 68.6514
68.0541 68.6219
68.0541 68.487
68.0541 68.289
67.9282 68.1207
67.9282 68.042
67.3807 67.9974
67.3807 67.9169
67.3807 67.7084
67.3807 67.5017
67.3807 67.3807
67.3807 67.3807
67.3807 67.3807
67.2093 67.3804
67.3807 67.426
66.9734 67.3862
66.9734 67.3388
66.9203 67.213
66.9203 67.0443
66.9203 66.9522
66.9203 66.9266
66.9203 66.9203
66.9203 66.9203
66.9203 66.9203
66.9203 66.9203
66.7489 66.92
66.6656 66.9023
66.4942 66.8323
66.4942 66.7242
66.4942 66.5933
66.4942 66.5173
66.4942 66.4942
66.4942 66.4942
66.4942 66.4942
66.4942 66.4942
66.4942 66.4942
66.4942 66.4942
66.4942 66.4942
66.4942 66.4942
66.4942 66.4942
66.4942 66.4942
66.4942 66.4942
66.4942 66.4942
66.4942 66.4942
66.4942 66.4942
66.4942 66.4942
66.4942 66.4942
66.4942 66.4942
66.4942 66.4942
66.4942 66.4942
66.4942 66.4942
66.4942 66.4942
66.4942 66.4942
66.4503 66.4941
66.4503 66.4902
66.4503 66.4749
66.4503 66.4574
66.4503 66.4505
66.4503 66.4503
66.4503 66.4503
66.4503 66.4503
66.4503 66.4503
66.4503 66.4503
66.4503 66.4503
66.4503 66.4503
66.4503 66.4503
66.4503 66.4503
66.4503 66.4503
66.4503 66.4503
66.4503 66.4503
66.4503 66.4503
66.4503 66.4503
66.4503 66.4503
66.4503 66.4503
66.4503 66.4503
66.4503 66.4503
66.4503 66.4503
66.4503 66.4503
66.4503 66.4503
66.4503 66.4503
66.4503 66.4503
66.4503 66.4503
66.4503 66.4503
66.4503 66.4503
66.4503 66.4503
66.4503 66.4503
66.4503 66.4503
66.4503 66.4503
66.4503 66.4503
66.4503 66.4503
66.4503 66.4503
66.4503 66.4503
66.4503 66.4503
66.4503 66.4503
66.4503 66.4503
66.4503 66.4503
66.4503 66.4503
66.4503 66.4503
66.4503 66.4503
66.4503 66.4503
66.4503 66.4503
66.4503 66.4503
66.4503 66.4503
66.4503 66.4503
66.4503 66.4503
66.4503 66.4503
66.4503 66.4503
66.4503 66.4503
66.4503 66.4503
66.4503 66.4503
66.4503 66.4503
66.4503 66.4503
66.4503 66.4503
66.4503 66.4503
66.4503 66.4503
66.4503 66.4503
66.4503 66.4503
66.4503 66.4503
66.4503 66.4503
66.4503 66.4503
66.4503 66.4503
66.4503 66.4503
66.4503 66.4503
66.4503 66.4503
66.4503 66.4503
66.4503 66.4503
66.4503 66.4503
66.4503 66.4503
66.4503 66.4503
66.4503 66.4503
66.4503 66.4503
66.4503 66.4503
66.4503 66.4503
66.4503 66.4503
66.4503 66.4503
66.4503 66.4503
66.4503 66.4503
66.4503 66.4503
66.4503 66.4503
66.4503 66.4503
66.4503 66.4503
66.4503 66.4503
66.4503 66.4503
66.4503 66.4503
66.4503 66.4503
66.4503 66.4503
66.4503 66.4503
66.4503 66.4503
66.4503 66.4503
66.4503 66.4503
66.4503 66.4503
66.4503 66.4503
66.4503 66.4503
66.4503 66.4503
66.4503 66.4503
66.4503 66.4503
66.4503 66.4503
66.4503 66.4503
66.4503 66.4503
66.4503 66.4503
66.4503 66.4503
66.4503 66.4503
66.4503 66.4503
66.4503 66.4503
66.4503 66.4503
66.4503 66.4503
66.4503 66.4503
66.4503 66.4503
66.4503 66.4503
66.4503 66.4503
66.4503 66.4503
66.4503 66.4503
66.4503 66.4503
66.4503 66.4503
66.4503 66.4503
66.4503 66.4503
66.4503 66.4503
66.4503 66.4503
66.4503 66.4503
66.4503 66.4503
66.4503 66.4503
66.4503 66.4503
66.2496 66.4499
66.2496 66.4298
66.2496 66.3664
66.2496 66.2933
66.2496 66.2496
66.2496 66.2496
66.2496 66.2496
66.2496 66.2496
66.2496 66.2496
66.2496 66.2496
66.2496 66.2496
66.2496 66.2496
66.2496 66.2496
66.2496 66.2496
66.2496 66.2496
66.2496 66.2496
66.2496 66.2496
66.2496 66.2496
66.2496 66.2496
66.2496 66.2496
66.2496 66.2496
66.2496 66.2496
66.2496 66.2496
66.2496 66.2496
66.2496 66.2496
66.2496 66.2496
66.2496 66.2496
66.2496 66.2496
66.2496 66.2496
66.2496 66.2496
66.2496 66.2496
66.2496 66.2496
66.0592 66.2485
66.0153 66.2205
66.0153 66.1363
66.0153 66.0512
66.0153 66.0221
66.0153 66.0153
66.0153 66.0153
66.0153 66.0153
66.0153 66.0153
66.0153 66.0153
66.0153 66.0153
66.0153 66.0153
66.0153 66.0153
66.0153 66.0153
66.0153 66.0153
66.0153 66.0153
66.0153 66.0153
66.0153 66.0153
66.0153 66.0153
66.0153 66.0153
66.0153 66.0153
66.0153 66.0153
66.0153 66.0153
66.0153 66.0153
66.0153 66.0153
66.0153 66.0153
66.0153 66.0153
66.0153 66.0153
66.0153 66.0153
66.0153 66.0153
66.0153 66.0153
66.0153 66.0153
66.0153 66.0153
66.0153 66.0153
66.0153 66.0153
66.0153 66.0153
66.0153 66.0153
66.0153 66.0153
66.0153 66.0153
66.0153 66.0153
66.0153 66.0153
66.0153 66.0153
66.0153 66.0153
66.0153 66.0153
66.0153 66.0153
66.0153 66.0153
66.0153 66.0153
66.0153 66.0153
66.0153 66.0153
66.0153 66.0153
65.9839 66.0152
65.9839 66.0089
65.9221 65.9933
65.9221 65.9772
65.7922 65.948
65.7922 65.9097
65.7922 65.8514
65.7922 65.8096
65.7922 65.7922
65.7922 65.7922
65.7922 65.7922
65.7922 65.7922
65.7922 65.7922
65.7922 65.7922
65.7922 65.7922
65.7922 65.7922
65.7922 65.7922
65.7922 65.7922
65.7922 65.7922
65.7922 65.7922
65.7922 65.7922
65.7922 65.7922
65.7922 65.7922
65.7922 65.7922
65.7922 65.7922
65.7922 65.7922
65.7922 65.7922
65.7922 65.7922
65.7922 65.7922
65.7922 65.7922
65.7922 65.7922
65.7922 65.7922
65.7922 65.7922
65.7922 65.7922
65.7922 65.7922
65.7922 65.7922
65.7922 65.7922
65.7922 65.7922
65.7922 65.7922
65.7922 65.7922
65.7922 65.7922
65.7922 65.7922
65.7922 65.7922
65.7922 65.7922
65.7922 65.7922
65.7922 65.7922
65.7922 65.7922
65.7922 65.7922
65.7922 65.7922
65.7922 65.7922
65.7497 65.7912
65.7497 65.7758
65.7497 65.7545
65.7497 65.7497
65.7497 65.7497
65.7497 65.7497
65.7497 65.7497
65.7497 65.7497
65.7497 65.7497
65.7497 65.7497
65.7497 65.7497
65.7497 65.7497
65.7497 65.7497
65.7497 65.7497
65.7497 65.7497
65.7497 65.7497
65.7497 65.7497
65.7497 65.7497
65.7497 65.7497
65.7497 65.7497
65.7497 65.7497
65.7497 65.7497
65.7497 65.7497
65.7497 65.7497
65.7497 65.7497
65.7497 65.7497
65.7497 65.7497
65.7497 65.7497
65.7497 65.7497
65.7497 65.7497
65.7497 65.7497
65.7497 65.7497
65.7497 65.7497
65.7497 65.7497
65.7497 65.7497
65.7094 65.7497
65.7094 65.7443
65.4228 65.7242
65.4228 65.6556
65.4228 65.5317
65.4228 65.4387
65.4228 65.4228
65.4228 65.4228
65.4228 65.4228
65.4228 65.4228
65.4228 65.4228
65.4228 65.4228
65.4228 65.4228
65.4228 65.4228
65.4228 65.4228
65.4228 65.4228
65.4228 65.4228
65.4228 65.4228
65.4228 65.4228
65.4228 65.4228
65.4228 65.4228
65.4228 65.4228
65.4228 65.4228
65.4228 65.4228
65.4228 65.4228
65.4228 65.4228
65.4228 65.4228
65.4228 65.4228
65.4228 65.4228
65.4228 65.4228
65.4228 65.4228
65.4228 65.4228
65.4228 65.4228
65.4228 65.4228
65.4228 65.4228
65.4228 65.4228
65.4228 65.4228
65.4228 65.4228
65.4228 65.4228
65.4228 65.4228
65.4228 65.4228
65.4228 65.4228
65.4228 65.4228
65.4228 65.4228
65.4228 65.4228
65.4228 65.4228
65.4228 65.4228
65.4228 65.4228
65.4228 65.4228
65.4228 65.4228
65.4228 65.4228
65.4228 65.4228
65.4228 65.4228
65.4228 65.4228
65.4228 65.4228
65.4228 65.4228
65.4228 65.4228
65.4228 65.4228
65.4228 65.4228
65.4228 65.4228
65.4228 65.4228
65.4228 65.4228
65.4228 65.4228
65.4228 65.4228
65.4228 65.4228
65.4228 65.435
65.4228 65.4228
65.4228 65.4228
65.4228 65.4228
65.4228 65.4228
65.4228 65.4228
65.4228 65.4228
65.4228 65.4228
65.4228 65.4228
65.4228 65.4228
65.4228 65.4228
65.4228 65.4228
65.4228 65.4228
65.4228 65.4228
65.4228 65.4228
65.4228 65.4228
65.4228 65.4228
65.4228 65.4228
65.4228 65.4228
65.4228 65.4228
65.4228 65.4228
65.4228 65.4228
65.4228 65.4228
65.4228 65.4228
65.4228 65.4228
65.4228 65.4228
65.4228 65.4228
65.4228 65.4228
65.4228 65.4228
65.4228 65.4228
65.4228 65.4228
65.4228 65.4228
65.4228 65.4228
65.4228 65.4228
65.4228 65.4228
65.4228 65.4228
65.4228 65.4228
65.4228 65.4228
65.4228 65.4228
65.4228 65.4228
65.4228 65.4228
65.4228 65.4228
65.4228 65.4228
65.4228 65.4228
65.4228 65.4228
65.4228 65.4228
65.4228 65.4228
65.4228 65.4228
65.4228 65.4228
65.4228 65.4228
65.4228 65.4228
65.4228 65.4228
65.4228 65.4228
65.4228 65.4228
65.4228 65.4228
65.4228 65.4228
65.4228 65.4228
65.4228 65.4228
65.4228 65.4228
65.4228 65.4228
65.4228 65.4228
65.4228 65.4228
65.4228 65.4228
65.4228 65.4228
65.4228 65.4228
65.4228 65.4228
65.4228 65.4228
65.4228 65.4228
65.4228 65.4228
65.4228 65.4228
65.4228 65.4228
65.4228 65.4228
65.4228 65.4228
65.4228 65.4228
65.4228 65.4228
65.4228 65.4228
65.4228 65.4228
65.4228 65.4228
65.4228 65.4228
65.4228 65.4228
65.4228 65.4228
65.4228 65.4228
65.4228 65.4228
65.4228 65.4228
65.4228 65.4228
65.4228 65.4228
65.4228 65.4228
65.4228 65.4228
65.4228 65.4228
65.4228 65.4228
65.4228 65.4228
65.4228 65.4228
65.4228 65.4228
65.4228 65.4228
65.4228 65.4228
65.4228 65.4228
65.4228 65.4228
65.4228 65.4228
65.4228 65.4228
65.4228 65.4228
65.239 65.3946
65.239 65.2903
65.239 65.239
65.239 65.239
65.239 65.239
65.239 65.239
65.239 65.239
65.239 65.239
65.239 65.239
65.239 65.239
65.239 65.239
65.239 65.239
65.239 65.239
65.239 65.239
65.239 65.239
65.239 65.239
65.239 65.239
65.239 65.239
65.239 65.239
65.239 65.239
65.239 65.239
65.239 65.239
65.239 65.239
65.239 65.239
65.239 65.239
65.239 65.239
65.239 65.239
65.239 65.239
65.239 65.239
65.239 65.239
65.239 65.239
65.239 65.239
65.239 65.239
65.239 65.239
65.239 65.239
65.239 65.239
65.239 65.239
65.239 65.239
65.239 65.239
65.239 65.239
65.239 65.239
65.239 65.239
65.239 65.239
65.239 65.239
65.239 65.239
65.239 65.239
65.239 65.239
65.239 65.239
65.239 65.239
65.239 65.239
65.239 65.239
65.239 65.239
65.239 65.239
65.239 65.239
65.239 65.239
65.239 65.239
65.239 65.239
65.239 65.239
65.239 65.239
65.239 65.239
65.239 65.239
65.239 65.239
65.239 65.239
65.239 65.239
65.239 65.239
65.239 65.239
65.239 65.239
65.239 65.239
65.239 65.239
65.239 65.239
65.239 65.239
65.239 65.239
65.239 65.239
65.239 65.239
65.239 65.239
65.239 65.239
65.239 65.239
65.239 65.239
65.239 65.239
65.239 65.239
65.239 65.239
65.239 65.239
65.239 65.239
65.239 65.239
64.5938 65.2377
64.5938 65.1185
64.5938 64.7662
64.5938 64.5938
64.5938 64.5938
64.5938 64.5938
64.5938 64.5938
64.5938 64.5938
64.5938 64.5938
64.5938 64.5938
64.5938 64.5938
64.5938 64.5938
64.5938 64.5938
64.5938 64.5938
64.5938 64.5938
64.5938 64.5938
64.5938 64.5938
64.5938 64.5938
64.5938 64.5938
64.5938 64.5938
64.5938 64.5938
64.5938 64.5938
64.5938 64.5938
64.5938 64.5938
64.5938 64.5938
64.5938 64.5938
64.5938 64.5938
64.5938 64.5938
64.5938 64.5938
64.5938 64.5938
64.5938 64.5938
64.5938 64.5938
64.5938 64.5938
64.5938 64.5938
64.5938 64.5938
64.5938 64.5938
64.5938 64.5938
64.5938 64.5938
64.5938 64.5938
64.5938 64.5938
64.5938 64.5938
64.5938 64.5938
64.5938 64.5938
64.5938 64.5938
64.5938 64.5938
64.5938 64.5938
64.5938 64.5938
64.5938 64.5938
64.5938 64.5938
64.5938 64.5938
64.5938 64.5938
64.5938 64.5938
64.5938 64.5938
64.5938 64.5938
64.5938 64.5938
64.5938 64.5938
64.5938 64.5938
64.5938 64.5938
64.5938 64.5938
64.5938 64.5938
64.5938 64.5938
64.5938 64.5938
64.5938 64.5938
64.5938 64.5938
64.5938 64.5938
64.5938 64.5938
64.5938 64.5938
64.5938 64.5938
64.5938 64.5938
64.5938 64.5938
64.5938 64.5938
64.5938 64.5938
64.5938 64.5938
64.5938 64.5938
64.5938 64.5938
64.5938 64.5938
64.5938 64.5938
64.5938 64.5938
64.5938 64.5938
64.5938 64.5938
64.5938 64.5938
64.5938 64.5938
64.5938 64.5938
64.5938 64.5938
64.5938 64.5938
64.5938 64.5938
64.5938 64.5938
64.5938 64.5938
64.5938 64.5938
64.5938 64.5938
64.5938 64.5938
64.5938 64.5938
64.5938 64.5938
64.5938 64.5938
64.5938 64.5938
64.5938 64.5938
64.5938 64.5938
64.5938 64.5938
64.5938 64.5938
64.5938 64.5938
64.5938 64.5938
64.5938 64.5938
64.5938 64.5938
64.5938 64.5938
64.5938 64.5938
64.5938 64.5938
64.5938 64.5938
64.5938 64.5938
64.5938 64.5938
64.5938 64.5938
64.5938 64.5938
64.5938 64.5938
64.5938 64.5938
64.5938 64.5938
64.5938 64.5938
64.5938 64.5938
64.5938 64.5938
64.5938 64.5938
64.5938 64.5938
64.5938 64.5938
64.5938 64.5938
64.5938 64.5938
64.5938 64.5938
64.5938 64.5938
64.5938 64.5938
64.5938 64.5938
64.5938 64.5938
64.5938 64.5938
64.5938 64.5938
64.5938 64.5938
64.5938 64.5938
64.5938 64.5938
64.5938 64.5938
64.5938 64.5938
64.5938 64.5938
64.5938 64.5938
64.5938 64.5938
64.5938 64.5938
64.5938 64.5938
64.5938 64.5938
64.5938 64.5938
64.5938 64.5938
64.5938 64.5938
64.5938 64.5938
64.5938 64.5938
64.5938 64.5938
64.5938 64.5938
64.5938 64.5938
64.5938 64.5938
64.5938 64.5938
64.5938 64.5938
64.5938 64.5938
64.5938 64.5938
64.5938 64.5938
64.5938 64.5938
64.5938 64.5938
64.5938 64.5938
64.5938 64.5938
64.5938 64.5938
64.5938 64.5938
64.5938 64.5938
64.5938 64.5938
64.5938 64.5938
64.5938 64.5938
64.5938 64.5938
64.5938 64.5938
64.5938 64.5938
64.5938 64.5938
64.5938 64.5938
64.5938 64.5938
64.5938 64.5938
64.5938 64.5938
64.5938 64.5938
64.5938 64.5938
64.5938 64.5938
64.5938 64.5938
64.5938 64.5938
64.5938 64.5938
64.5938 64.5938
64.5938 64.5938
64.5938 64.5938
64.5938 64.5938
64.5938 64.5938
64.5938 64.5938
64.5938 64.5938
64.5938 64.5938
64.5938 64.5938
64.5938 64.5938
64.5938 64.5938
64.5938 64.5938
64.5938 64.5938
64.5938 64.5938
64.5938 64.5938
64.5938 64.5938
64.5938 64.5938
64.5938 64.5938
64.5938 64.5938
64.5938 64.5938
64.5938 64.5938
64.5938 64.5938
64.5938 64.5938
64.5938 64.5938
64.5938 64.5938
64.5938 64.5938
64.5938 64.5938
64.5938 64.5938
64.5938 64.5938
64.5938 64.5938
64.5938 64.5938
64.5938 64.5938
64.5938 64.5938
64.5938 64.5938
64.5938 64.5938
64.5938 64.5938
64.5938 64.5938
64.5938 64.5938
64.5938 64.5938
64.5938 64.5938
64.5938 64.5938
64.5938 64.5938
64.5938 64.5938
64.5938 64.5938
64.5938 64.5938
64.5938 64.5938
64.5938 64.5938
64.5938 64.5938
64.5938 64.5938
64.5938 64.5938
64.5938 64.5938
64.5938 64.5938
64.5938 64.5938
64.5938 64.5938
64.5938 64.5938
64.5938 64.5938
64.5938 64.5938
64.5938 64.5938
64.5938 64.5938
64.5938 64.5938
64.5938 64.5938
64.5938 64.5938
64.5938 64.5938
64.5938 64.5938
64.5938 64.5938
64.5938 64.5938
64.5938 64.5938
64.5938 64.5938
64.5938 64.5938
64.5938 64.5938
64.5938 64.5938
64.5938 64.5938
64.5938 64.5938
64.5938 64.5938
64.5938 64.5938
64.5938 64.5938
64.5938 64.5938
64.5938 64.5938
64.5938 64.5938
64.5938 64.5938
64.5938 64.5938
64.5938 64.5938
64.5938 64.5938
64.5938 64.5938
64.5938 64.5938
64.5938 64.5938
64.5938 64.5938
64.5938 64.5938
64.5938 64.5938
64.5938 64.5938
64.5938 64.5938
64.5938 64.5938
64.5938 64.5938
64.5938 64.5938
64.5938 64.5938
64.5938 64.5938
64.5938 64.5938
64.5938 64.5938
64.5938 64.5938
64.5938 64.5938
64.5938 64.5938
64.5938 64.5938
64.5938 64.5938
64.5938 64.5938
64.5938 64.5938
64.5938 64.5938
64.5938 64.5938
64.5938 64.5938
64.5938 64.5938
64.5938 64.5938
64.5938 64.5938
64.5938 64.5938
64.5938 64.5938
64.5938 64.5938
64.5938 64.5938
64.5938 64.5938
64.5938 64.5938
64.5938 64.5938
64.5938 64.5938
64.5938 64.5938
64.5938 64.5938
64.5938 64.5938
64.5938 64.5938
64.5938 64.5938
64.5938 64.5938
64.5938 64.5938
64.5938 64.5938
64.5938 64.5938
64.5938 64.5938
64.5938 64.5938
64.5938 64.5938
64.5938 64.5938
64.5938 64.5938
64.5938 64.5938
64.5938 64.5938
64.5938 64.5938
64.5938 64.5938
64.5938 64.5938
64.5938 64.5938
64.5938 64.5938
64.5938 64.5938
64.5938 64.5938
64.5938 64.5938
64.5938 64.5938
64.5938 64.5938
64.5938 64.5938
64.5938 64.5938
64.5938 64.5938
64.5938 64.5938
64.5938 64.5938
64.5938 64.5938
64.5938 64.5938
64.5938 64.5938
64.5938 64.5938
64.5938 64.5938
64.5938 64.5938
64.5938 64.5938
64.5938 64.5938
64.5938 64.5938
64.5938 64.5938
64.5938 64.5938
64.5938 64.5938
64.5938 64.5938
64.5938 64.5938
64.5938 64.5938
64.5938 64.5938
64.5938 64.5938
64.5938 64.5938
64.5938 64.5938
64.5938 64.5938
64.5938 64.5938
64.5938 64.5938
64.5938 64.5938
64.5938 64.5938
64.5938 64.5938
64.5938 64.5938
64.5938 64.5938
64.5938 64.5938
64.5938 64.5938
64.5938 64.5938
64.5938 64.5938
64.5938 64.5938
64.5938 64.5938
64.5938 64.5938
64.5938 64.5938
64.5938 64.5938
64.5938 64.5938
64.5938 64.5938
64.5938 64.5938
64.5938 64.5938
64.5938 64.5938
64.5938 64.5938
64.5938 64.5938
64.5938 64.5938
64.5938 64.5938
64.5938 64.5938
64.5938 64.5938
64.5938 64.5938
64.5938 64.5938
64.5938 64.5938
64.5938 64.5938
64.5938 64.5938
64.5938 64.5938
64.5938 64.5938
64.5938 64.5938
64.5938 64.5938
64.5938 64.5938
64.5938 64.5938
64.5938 64.5938
64.5938 64.5938
64.5938 64.5938
64.5938 64.5938
64.5938 64.5938
64.5938 64.5938
64.5938 64.5938
64.5938 64.5938
64.5938 64.5938
64.5938 64.5938
64.5938 64.5938
64.5938 64.5938
64.5938 64.5938
64.5938 64.5938
64.5938 64.5938
64.5938 64.5938
64.5938 64.5938
64.5938 64.5938
64.5938 64.5938
64.5938 64.5938
64.5938 64.5938
64.5938 64.5938
64.5938 64.5938
64.5938 64.5938
64.5938 64.5938
64.5938 64.5938
64.5938 64.5938
64.5938 64.5938
64.5938 64.5938
64.5938 64.5938
64.5938 64.5938
64.5938 64.5938
64.5938 64.5938
64.5938 64.5938
64.5938 64.5938
64.5938 64.5938
64.5938 64.5938
64.5938 64.5938
64.5938 64.5938
64.5938 64.5938
64.5938 64.5938
64.5938 64.5938
64.5938 64.5938
64.5938 64.5938
64.5938 64.5938
64.5938 64.5938
64.5938 64.5938
64.5938 64.5938
64.5938 64.5938
64.5938 64.5938
64.5938 64.5938
64.5938 64.5938
64.5938 64.5938
64.5938 64.5938
64.5938 64.5938
64.5938 64.5938
64.5938 64.5938
64.5938 64.5938
64.5938 64.5938
64.5938 64.5938
64.5938 64.5938
64.5938 64.5938
64.5938 64.5938
64.5938 64.5938
64.5938 64.5938
64.5938 64.5938
64.5938 64.5938
64.5938 64.5938
64.5938 64.5938
64.5938 64.5938
64.5938 64.5938
64.5938 64.5938
64.5938 64.5938
64.5938 64.5938
64.5938 64.5938
64.5938 64.5938
64.5938 64.5938
64.5938 64.5938
64.5938 64.5938
64.5938 64.5938
64.5938 64.5938
64.5938 64.5938
64.5938 64.5938
64.5938 64.5938
64.5938 64.5938
64.5938 64.5938
64.5938 64.5938
64.5938 64.5938
64.5938 64.5938
64.5938 64.5938
64.5938 64.5938
64.5938 64.5938
64.5938 64.5938
64.5938 64.5938
64.5938 64.5938
64.5938 64.5938
64.5938 64.5938
64.5938 64.5938
64.5938 64.5938
64.5938 64.5938
64.5938 64.5938
64.5938 64.5938
64.5938 64.5938
64.5938 64.5938
64.5938 64.5938
64.5938 64.5938
64.5938 64.5938
64.5938 64.5938
64.5938 64.5938
64.5938 64.5938
64.5938 64.5938
64.5938 64.5938
64.5938 64.5938
64.5938 64.5938
64.5938 64.5938
64.5938 64.5938
64.5938 64.5938
64.5938 64.5938
64.5938 64.5938
64.5938 64.5938
64.5938 64.5938
64.5938 64.5938
64.5938 64.5938
64.5938 64.5938
64.5938 64.5938
64.5938 64.5938
64.5938 64.5938
64.5938 64.5938
64.5938 64.5938
64.5938 64.5938
64.5938 64.5938
64.5938 64.5938
64.5938 64.5938
64.5938 64.5938
64.5938 64.5938
64.5938 64.5938
64.5938 64.5938
64.5938 64.5938
64.5938 64.5938
64.5938 64.5938
64.5938 64.5938
64.5938 64.5938
64.5938 64.5938
64.5938 64.5938
64.5938 64.5938
64.5938 64.5938
64.5938 64.5938
64.5938 64.5938
64.5938 64.5938
64.5938 64.5938
64.5938 64.5938
64.5938 64.5938
64.5938 64.5938
64.5938 64.5938
64.5938 64.5938
64.5938 64.5938
64.5938 64.5938
64.5938 64.5938
64.5938 64.5938
64.5938 64.5938
64.5938 64.5938
64.5938 64.5938
64.5938 64.5938
64.5938 64.5938
64.5938 64.5938
64.5938 64.5938
64.5938 64.5938
64.5938 64.5938
64.5938 64.5938
64.5938 64.5938
64.5938 64.5938
64.5938 64.5938
64.5938 64.5938
64.5938 64.5938
64.5938 64.5938
64.5938 64.5938
64.5938 64.5938
64.5938 64.5938
64.5938 64.5938
64.5938 64.5938
64.5938 64.5938
64.5938 64.5938
64.5938 64.5938
64.5938 64.5938
64.5938 64.5938
64.5938 64.5938
64.5938 64.5938
64.5938 64.5938
64.5938 64.5938
64.5938 64.5938
64.5938 64.5938
64.5938 64.5938
64.5938 64.5938
64.5938 64.5938
64.5938 64.5938
64.5938 64.5938
64.5938 64.5938
64.5938 64.5938
64.5938 64.5938
64.5938 64.5938
64.5938 64.5938
64.5938 64.5938
64.5938 64.5938
64.5938 64.5938
64.5938 64.5938
64.5938 64.5938
64.5938 64.5938
64.5938 64.5938
64.5938 64.5938
64.5938 64.5938
64.5938 64.5938
64.5938 64.5938
64.5938 64.5938
64.5938 64.5938
64.5938 64.5938
64.5938 64.5938
64.5938 64.5938
64.5938 64.5938
64.5938 64.5938
64.5938 64.5938
64.5938 64.5938
64.5938 64.5938
64.5938 64.5938
64.5938 64.5938
64.5938 64.5938
64.5938 64.5938
64.5938 64.5938
64.5938 64.5938
64.5938 64.5938
64.5938 64.5938
64.5938 64.5938
64.5938 64.5938
64.5938 64.5938
64.5938 64.5938
64.5938 64.5938
64.5938 64.5938
64.5938 64.5938
64.5938 64.5938
64.5938 64.5938
64.5938 64.5938
64.5938 64.5938
64.5938 64.5938
64.5938 64.5938
64.5938 64.5938
64.5938 64.5938
64.5938 64.5938
64.5938 64.5938
64.5938 64.5938
64.5938 64.5938
64.5938 64.5938
64.5938 64.5938
64.5938 64.5938
64.5938 64.5938
64.5938 64.5938
64.5938 64.5938
64.5938 64.5938
64.5938 64.5938
64.5938 64.5938
64.5938 64.5938
64.5938 64.5938
64.5938 64.5938
64.5938 64.5938
64.5938 64.5938
64.5938 64.5938
64.5938 64.5938
64.5938 64.5938
64.5938 64.5938
64.5938 64.5938
64.5938 64.5938
64.5938 64.5938
64.5938 64.5938
64.5938 64.5938
64.5938 64.5938
64.5938 64.5938
64.5938 64.5938
64.5938 64.5938
64.5938 64.5938
64.5938 64.5938
64.5938 64.5938
64.5938 64.5938
64.5938 64.5938
64.5938 64.5938
64.5938 64.5938
64.5938 64.5938
64.5938 64.5938
64.5938 64.5938
64.5938 64.5938
64.5938 64.5938
64.5938 64.5938
64.5938 64.5938
64.5938 64.5938
64.5938 64.5938
64.5938 64.5938
64.5938 64.5938
64.5938 64.5938
64.5938 64.5938
64.5938 64.5938
64.5938 64.5938
64.5938 64.5938
64.5938 64.5938
64.5938 64.5938
64.5938 64.5938
64.5938 64.5938
64.5938 64.5938
64.5938 64.5938
64.5938 64.5938
64.5938 64.5938
64.5938 64.5938
64.5938 64.5938
64.5938 64.5938
64.5938 64.5938
64.5938 64.5938
64.5938 64.5938
64.5938 64.5938
64.5938 64.5938
64.5938 64.5938
64.5938 64.5938
64.5938 64.5938
64.5938 64.5938
64.5938 64.5938
64.5938 64.5938
64.5938 64.5938
64.5938 64.5938
64.5938 64.5938
64.5938 64.5938
64.5938 64.5938
64.5938 64.5938
64.5938 64.5938
64.5938 64.5938
64.5938 64.5938
64.5938 64.5938
64.5938 64.5938
64.5938 64.5938
64.5938 64.5938
64.5938 64.5938
64.5938 64.5938
64.5938 64.5938
64.5938 64.5938
64.5938 64.5938
64.5938 64.5938
64.5938 64.5938
64.5938 64.5938
64.5938 64.5938
64.5938 64.5938
64.5938 64.5938
64.5938 64.5938
64.5938 64.5938
64.5938 64.5938
64.5938 64.5938
64.5938 64.5938
64.5938 64.5938
64.5938 64.5938
64.5938 64.5938
64.5938 64.5938
64.5938 64.5938
64.5938 64.5938
64.5938 64.5938
64.5938 64.5938
64.5938 64.5938
64.5938 64.5938
64.5938 64.5938
64.5938 64.5938
64.5938 64.5938
64.5938 64.5938
64.5938 64.5938
64.5938 64.5938
64.5938 64.5938
64.5938 64.5938
64.5938 64.5938
64.5938 64.5938
64.5938 64.5938
64.5938 64.5938
64.5938 64.5938
64.5938 64.5938
64.5938 64.5938
64.5938 64.5938
64.5938 64.5938
64.5938 64.5938
64.5938 64.5938
64.5938 64.5938
64.5938 64.5938
64.5938 64.5938
64.5938 64.5938
64.5938 64.5938
64.5938 64.5938
64.5938 64.5938
64.5938 64.5938
64.5938 64.5938
64.5938 64.5938
64.5938 64.5938
64.5938 64.5938
64.5938 64.5938
64.5938 64.5938
64.5938 64.5938
64.5938 64.5938
64.5938 64.5938
64.5938 64.5938
64.5938 64.5938
64.5938 64.5938
64.5938 64.5938
64.5938 64.5938
64.5938 64.5938
64.5938 64.5938
64.5938 64.5938
64.5938 64.5938
64.5938 64.5938
64.5938 64.5938
64.5938 64.5938
64.5938 64.5938
64.5938 64.5938
64.5938 64.5938
64.5938 64.5938
64.5938 64.5938
64.5938 64.5938
64.5938 64.5938
64.5938 64.5938
64.5938 64.5938
64.5938 64.5938
64.5938 64.5938
64.5938 64.5938
64.5938 64.5938
64.5938 64.5938
64.5938 64.5938
64.5938 64.5938
64.5938 64.5938
64.5938 64.5938
64.5938 64.5938
64.5938 64.5938
64.5938 64.5938
64.5938 64.5938
64.5938 64.5938
64.5938 64.5938
64.5938 64.5938
64.5938 64.5938
64.5938 64.5938
64.5938 64.5938
64.5938 64.5938
64.5938 64.5938
64.5938 64.5938
64.5938 64.5938
64.5938 64.5938
64.5938 64.5938
64.5938 64.5938
64.5938 64.5938
64.5938 64.5938
64.5938 64.5938
64.5938 64.5938
64.5938 64.5938
64.5938 64.5938
64.5938 64.5938
64.5938 64.5938
64.5938 64.5938
64.5938 64.5938
64.5938 64.5938
64.5938 64.5938
64.5938 64.5938
64.5938 64.5938
64.5938 64.5938
64.5938 64.5938
64.5938 64.5938
64.5938 64.5938
64.5938 64.5938
64.5938 64.5938
64.5938 64.5938
64.5938 64.5938
64.5938 64.5938
64.5938 64.5938
64.5938 64.5938
64.5938 64.5938
64.5938 64.5938
64.5938 64.5938
64.5938 64.5938
64.5938 64.5938
64.5938 64.5938
64.5938 64.5938
64.5938 64.5938
64.5938 64.5938
64.5938 64.5938
64.5938 64.5938
64.5938 64.5938
64.5938 64.5938
64.5938 64.5938
64.5938 64.5938
64.5938 64.5938
64.5938 64.5938
64.5938 64.5938
64.5938 64.5938
64.5938 64.5938
64.5938 64.5938
64.5938 64.5938
64.5938 64.5938
64.5938 64.5938
64.5938 64.5938
64.5938 64.5938
64.5938 64.5938
64.5938 64.5938
64.5938 64.5938
64.5938 64.5938
64.5938 64.5938
64.5938 64.5938
64.5938 64.5938
64.5938 64.5938
64.5938 64.5938
64.5938 64.5938
64.5938 64.5938
64.5938 64.5938
64.5938 64.5938
64.5938 64.5938
64.5938 64.5938
64.5938 64.5938
64.5938 64.5938
64.5938 64.5938
64.5938 64.5938
64.5938 64.5938
64.5938 64.5938
64.5938 64.5938
64.5938 64.5938
64.5938 64.5938
64.5938 64.5938
64.5938 64.5938
64.5938 64.5938
64.5938 64.5938
64.5938 64.5938
64.5938 64.5938
64.5938 64.5938
64.5938 64.5938
64.5938 64.5938
64.5938 64.5938
64.5938 64.5938
64.5938 64.5938
64.5938 64.5938
64.5938 64.5938
64.5938 64.5938
64.5938 64.5938
64.5938 64.5938
64.5938 64.5938
64.5938 64.5938
64.5938 64.5938
64.5938 64.5938
64.5938 64.5938
64.5938 64.5938
64.5938 64.5938
64.5938 64.5938
64.5938 64.5938
64.5938 64.5938
64.5938 64.5938
64.5938 64.5938
64.5938 64.5938
64.5938 64.5938
64.5938 64.5938
64.5938 64.5938
64.5938 64.5938
64.5938 64.5938
64.5938 64.5938
64.5938 64.5938
64.5938 64.5938
64.5938 64.5938
64.5938 64.5938
64.5938 64.5938
64.5938 64.5938
64.5938 64.5938
64.5938 64.5938
64.5938 64.5938
64.5938 64.5938
64.5938 64.5938
64.5938 64.5938
64.5938 64.5938
64.5938 64.5938
64.5938 64.5938
64.5938 64.5938
64.5938 64.5938
64.5938 64.5938
64.5938 64.5938
64.5938 64.5938
64.5938 64.5938
64.5938 64.5938
64.5938 64.5938
64.5938 64.5938
64.5938 64.5938
64.5938 64.5938
64.5938 64.5938
64.5938 64.5938
64.5938 64.5938
64.5938 64.5938
64.5938 64.5938
64.5938 64.5938
64.5938 64.5938
64.5938 64.5938
64.5938 64.5938
64.5938 64.5938
64.5938 64.5938
64.5938 64.5938
64.5938 64.5938
64.5938 64.5938
64.5938 64.5938
64.5938 64.5938
64.5938 64.5938
64.5938 64.5938
64.5938 64.5938
64.5938 64.5938
64.5938 64.5938
64.5938 64.5938
64.5938 64.5938
64.5938 64.5938
64.5938 64.5938
64.5938 64.5938
64.5938 64.5938
64.5938 64.5938
64.5938 64.5938
64.5938 64.5938
64.5938 64.5938
64.5938 64.5938
64.5938 64.5938
64.5938 64.5938
64.5938 64.5938
64.5938 64.5938
64.5938 64.5938
64.5938 64.5938
64.5938 64.5938
64.5938 64.5938
64.5938 64.5938
64.5938 64.5938
64.5938 64.5938
64.5938 64.5938
64.5938 64.5938
64.5938 64.5938
64.5938 64.5938
64.5938 64.5938
64.5938 64.5938
64.5938 64.5938
64.5938 64.5938
64.5938 64.5938
64.5938 64.5938
64.5938 64.5938
64.5938 64.5938
64.5938 64.5938
64.5938 64.5938
64.5938 64.5938
64.5938 64.5938
64.5938 64.5938
64.5938 64.5938
64.5938 64.5938
64.5938 64.5938
64.5938 64.5938
64.5938 64.5938
64.5938 64.5938
64.5938 64.5938
64.5938 64.5938
64.5938 64.5938
64.5938 64.5938
64.5938 64.5938
64.5938 64.5938
64.5938 64.5938
64.5938 64.5938
64.5938 64.5938
64.5938 64.5938
64.5938 64.5938
64.5938 64.5938
64.5938 64.5938
64.5938 64.5938
64.5938 64.5938
64.5938 64.5938
64.5938 64.5938
64.5938 64.5938
64.5938 64.5938
64.5938 64.5938
64.5938 64.5938
64.5938 64.5938
64.5938 64.5938
64.5938 64.5938
64.5938 64.5938
64.5938 64.5938
64.5938 64.5938
64.5938 64.5938
64.5938 64.5938
64.5938 64.5938
64.5938 64.5938
64.5938 64.5938
64.5938 64.5938
64.5938 64.5938
64.5938 64.5938
64.5938 64.5938
64.5938 64.5938
64.5938 64.5938
64.5938 64.5938
64.5938 64.5938
64.5938 64.5938
64.5938 64.5938
64.5938 64.5938
64.5938 64.5938
64.5938 64.5938
64.5938 64.5938
64.5938 64.5938
64.5938 64.5938
64.5938 64.5938
64.5938 64.5938
64.5938 64.5938
64.5938 64.5938
64.5938 64.5938
64.5938 64.5938
64.5938 64.5938
64.5938 64.5938
64.5938 64.5938
64.5938 64.5938
64.5938 64.5938
64.5938 64.5938
64.5938 64.5938
64.5938 64.5938
64.5938 64.5938
64.5938 64.5938
64.5938 64.5938
64.5938 64.5938
64.5938 64.5938
64.5938 64.5938
64.5938 64.5938
64.5938 64.5938
64.5938 64.5938
64.5938 64.5938
64.5938 64.5938
64.5938 64.5938
64.5938 64.5938
64.5938 64.5938
64.5938 64.5938
64.5938 64.5938
64.5938 64.5938
64.5938 64.5938
64.5938 64.5938
64.5938 64.5938
64.5938 64.5938
64.5938 64.5938
64.5938 64.5938
64.5938 64.5938
64.5938 64.5938
64.5938 64.5938
64.5938 64.5938
64.5938 64.5938
64.5938 64.5938
64.5938 64.5938
64.5938 64.5938
64.5938 64.5938
64.5938 64.5938
64.5938 64.5938
64.5938 64.5938
64.5938 64.5938
64.5938 64.5938
64.5938 64.5938
64.5938 64.5938
64.5938 64.5938
64.5938 64.5938
64.5938 64.5938
64.5938 64.5938
64.5938 64.5938
64.5938 64.5938
64.5938 64.5938
64.5938 64.5938
64.5938 64.5938
64.5938 64.5938
64.5938 64.5938
64.5938 64.5938
64.5938 64.5938
64.5938 64.5938
64.5938 64.5938
64.5938 64.5938
64.5938 64.5938
64.5938 64.5938
64.5938 64.5938
64.5938 64.5938
64.5938 64.5938
64.5938 64.5938
64.5938 64.5938
64.5938 64.5938
64.5938 64.5938
64.5938 64.5938
64.5938 64.5938
64.5938 64.5938
64.5938 64.5938
64.5938 64.5938
64.5938 64.5938
64.5938 64.5938
64.5938 64.5938
64.5938 64.5938
64.5938 64.5938
64.5938 64.5938
64.5938 64.5938
64.5938 64.5938
64.5938 64.5938
64.5938 64.5938
64.5938 64.5938
64.5938 64.5938
64.5938 64.5938
64.5938 64.5938
64.5938 64.5938
64.5938 64.5938
64.5938 64.5938
64.5938 64.5938
64.5938 64.5938
64.5938 64.5938
64.5938 64.5938
64.5938 64.5938
64.5938 64.5938
64.5938 64.5938
64.5938 64.5938
64.5938 64.5938
64.5938 64.5938
64.5938 64.5938
64.5938 64.5938
64.5938 64.5938
64.5938 64.5938
64.5938 64.5938
64.5938 64.5938
64.5938 64.5938
64.5938 64.5938
64.5938 64.5938
64.5938 64.5938
64.5938 64.5938
64.5938 64.5938
64.5938 64.5938
64.5938 64.5938
64.5938 64.5938
64.5938 64.5938
64.5938 64.5938
64.5938 64.5938
64.5938 64.5938
64.5938 64.5938
64.5938 64.5938
64.5938 64.5938
64.5938 64.5938
64.5938 64.5938
64.5938 64.5938
64.5938 64.5938
64.5938 64.5938
64.5938 64.5938
64.5938 64.5938
64.5938 64.5938
64.5938 64.5938
64.5938 64.5938
64.5938 64.5938
64.5938 64.5938
64.5938 64.5938
64.5938 64.5938
64.5938 64.5938
64.5938 64.5938
64.5938 64.5938
64.5938 64.5938
64.5938 64.5938
64.5938 64.5938
64.5938 64.5938
64.5938 64.5938
64.5938 64.5938
64.5938 64.5938
64.5938 64.5938
64.5938 64.5938
64.5938 64.5938
64.5938 64.5938
64.5938 64.5938
64.5938 64.5938
64.5938 64.5938
64.5938 64.5938
64.5938 64.5938
64.5938 64.5938
64.5938 64.5938
64.5938 64.5938
64.5938 64.5938
64.5938 64.5938
64.5938 64.5938
64.5938 64.5938
64.5938 64.5938
64.5938 64.5938
64.5938 64.5938
64.5938 64.5938
64.5938 64.5938
64.5938 64.5938
64.5938 64.5938
64.5938 64.5938
64.5938 64.5938
64.5938 64.5938
64.5938 64.5938
64.5938 64.5938
64.5938 64.5938
64.5938 64.5938
64.5938 64.5938
64.5938 64.5938
64.5938 64.5938
64.5938 64.5938
64.5938 64.5938
64.5938 64.5938
64.5938 64.5938
64.5938 64.5938
64.5938 64.5938
64.5938 64.5938
64.5938 64.5938
64.5938 64.5938
64.5938 64.5938
64.5938 64.5938
64.5938 64.5938
64.5938 64.5938
64.5938 64.5938
64.5938 64.5938
64.5938 64.5938
64.5938 64.5938
64.5938 64.5938
64.5938 64.5938
64.5938 64.5938
64.5938 64.5938
64.5938 64.5938
64.5938 64.5938
64.5938 64.5938
64.5938 64.5938
64.5938 64.5938
64.5938 64.5938
64.5938 64.5938
64.5938 64.5938
64.5938 64.5938
64.5938 64.5938
64.5938 64.5938
64.5938 64.5938
64.5938 64.5938
64.5938 64.5938
64.5938 64.5938
64.5938 64.5938
64.5938 64.5938
64.5938 64.5938
64.5938 64.5938
64.5938 64.5938
64.5938 64.5938
64.5938 64.5938
64.5938 64.5938
64.5938 64.5938
64.5938 64.5938
64.5938 64.5938
64.5938 64.5938
64.5938 64.5938
64.5938 64.5938
64.5938 64.5938
64.5938 64.5938
64.5938 64.5938
64.5938 64.5938
64.5938 64.5938
64.5938 64.5938
64.5938 64.5938
64.5938 64.5938
64.5938 64.5938
64.5938 64.5938
64.5938 64.5938
64.5938 64.5938
64.5938 64.5938
64.5938 64.5938
64.5938 64.5938
64.5938 64.5938
64.5938 64.5938
64.5938 64.5938
64.5938 64.5938
64.5938 64.5938
64.5938 64.5938
64.5938 64.5938
64.5938 64.5938
64.5938 64.5938
64.5938 64.5938
64.5938 64.5938
64.5938 64.5938
64.5938 64.5938
64.5938 64.5938
64.5938 64.5938
64.5938 64.5938
64.5938 64.5938
64.5938 64.5938
64.5938 64.5938
64.5938 64.5938
64.5938 64.5938
64.5938 64.5938
64.5938 64.5938
64.5938 64.5938
64.5938 64.5938
64.5938 64.5938
64.5938 64.5938
64.5938 64.5938
64.5938 64.5938
64.5938 64.5938
64.5938 64.5938
64.5938 64.5938
64.5938 64.5938
64.5938 64.5938
64.5938 64.5938
64.5938 64.5938
64.5938 64.5938
64.5938 64.5938
64.5938 64.5938
64.5938 64.5938
64.5938 64.5938
64.5938 64.5938
64.5938 64.5938
64.5938 64.5938
64.5938 64.5938
64.5938 64.5938
64.5938 64.5938
64.5938 64.5938
64.5938 64.5938
64.5938 64.5938
64.5938 64.5938
64.5938 64.5938
64.5938 64.5938
64.5938 64.5938
64.5938 64.5938
64.5938 64.5938
64.5938 64.5938
64.5938 64.5938
64.5938 64.5938
64.5938 64.5938
64.5938 64.5938
64.5938 64.5938
64.5938 64.5938
64.5938 64.5938
64.5938 64.5938
64.5938 64.5938
64.5938 64.5938
64.5938 64.5938
64.5938 64.5938
64.5938 64.5938
64.5938 64.5938
64.5938 64.5938
64.5938 64.5938
64.5938 64.5938
64.5938 64.5938
64.5938 64.5938
64.5938 64.5938
64.5938 64.5938
64.5938 64.5938
64.5938 64.5938
64.5938 64.5938
64.5938 64.5938
64.5938 64.5938
64.5938 64.5938
64.5938 64.5938
64.5938 64.5938
64.5938 64.5938
64.5938 64.5938
64.5938 64.5938
64.5938 64.5938
64.5938 64.5938
64.5938 64.5938
64.5938 64.5938
64.5938 64.5938
64.5938 64.5938
64.5938 64.5938
64.5938 64.5938
64.5938 64.5938
64.5938 64.5938
64.5938 64.5938
64.5938 64.5938
64.5938 64.5938
64.5938 64.5938
64.5938 64.5938
64.5938 64.5938
64.5938 64.5938
64.5938 64.5938
64.5938 64.5938
64.5938 64.5938
64.5938 64.5938
64.5938 64.5938
64.5938 64.5938
64.5938 64.5938
64.5938 64.5938
64.5938 64.5938
64.5938 64.5938
64.5938 64.5938
64.5938 64.5938
64.5938 64.5938
64.5938 64.5938
64.5938 64.5938
64.5938 64.5938
64.5938 64.5938
64.5938 64.5938
64.5938 64.5938
64.5938 64.5938
64.5938 64.5938
64.5938 64.5938
64.5938 64.5938
64.5938 64.5938
64.5938 64.5938
64.5938 64.5938
64.5938 64.5938
64.5938 64.5938
64.5938 64.5938
64.5938 64.5938
64.5938 64.5938
64.5938 64.5938
64.5938 64.5938
64.5938 64.5938
64.5938 64.5938
64.5938 64.5938
64.5938 64.5938
64.5938 64.5938
64.5938 64.5938
64.5938 64.5938
64.5938 64.5938
64.5938 64.5938
64.5938 64.5938
64.5938 64.5938
64.5938 64.5938
64.5938 64.5938
64.5938 64.5938
64.5938 64.5938
64.5938 64.5938
64.5938 64.5938
64.5938 64.5938
64.5938 64.5938
64.5938 64.5938
64.5938 64.5938
64.5938 64.5938
64.5938 64.5938
64.5938 64.5938
64.5938 64.5938
64.5938 64.5938
64.5938 64.5938
64.5938 64.5938
64.5938 64.5938
64.5938 64.5938
64.5938 64.5938
64.5938 64.5938
64.5938 64.5938
64.5938 64.5938
64.5938 64.5938
64.5938 64.5938
64.5938 64.5938
64.5938 64.5938
64.5938 64.5938
64.5938 64.5938
64.5938 64.5938
64.5938 64.5938
64.5938 64.5938
64.5938 64.5938
64.5938 64.5938
64.5938 64.5938
64.5938 64.5938
64.5938 64.5938
64.5938 64.5938
64.5938 64.5938
64.5938 64.5938
64.5938 64.5938
64.5938 64.5938
64.5938 64.5938
64.5938 64.5938
64.5938 64.5938
64.5938 64.5938
64.5938 64.5938
64.5938 64.5938
64.5938 64.5938
64.5938 64.5938
64.5938 64.5938
64.5938 64.5938
64.5938 64.5938
64.5938 64.5938
64.5938 64.5938
64.5938 64.5938
64.5938 64.5938
64.5938 64.5938
64.5938 64.5938
64.5938 64.5938
64.5938 64.5938
64.5938 64.5938
64.5938 64.5938
64.5938 64.5938
64.5938 64.5938
64.5938 64.5938
64.5938 64.5938
64.5938 64.5938
64.5938 64.5938
64.5938 64.5938
64.5938 64.5938
64.5938 64.5938
64.5938 64.5938
64.5938 64.5938
64.5938 64.5938
64.5938 64.5938
64.5938 64.5938
64.5938 64.5938
64.5938 64.5938
64.5938 64.5938
64.5938 64.5938
64.5938 64.5938
64.5938 64.5938
64.5938 64.5938
64.5938 64.5938
64.5938 64.5938
64.5938 64.5938
64.5938 64.5938
64.5938 64.5938
64.5938 64.5938
64.5938 64.5938
64.5938 64.5938
64.5938 64.5938
64.5938 64.5938
64.5938 64.5938
64.5938 64.5938
64.5938 64.5938
64.5938 64.5938
64.5938 64.5938
64.5938 64.5938
64.5938 64.5938
64.5938 64.5938
64.5938 64.5938
64.5938 64.5938
64.5938 64.5938
64.5938 64.5938
64.5938 64.5938
64.5938 64.5938
64.5938 64.5938
64.5938 64.5938
64.5938 64.5938
64.5938 64.5938
64.5938 64.5938
64.5938 64.5938
64.5938 64.5938
64.5938 64.5938
64.5938 64.5938
64.5938 64.5938
64.5938 64.5938
64.5938 64.5938
64.5938 64.5938
64.5938 64.5938
64.5938 64.5938
64.5938 64.5938
64.5938 64.5938
64.5938 64.5938
64.5938 64.5938
64.5938 64.5938
64.5938 64.5938
64.5938 64.5938
64.5938 64.5938
64.5938 64.5938
64.5938 64.5938
64.5938 64.5938
64.5938 64.5938
64.5938 64.5938
64.5938 64.5938
64.5938 64.5938
64.5938 64.5938
64.5938 64.5938
64.5938 64.5938
64.5938 64.5938
64.5938 64.5938
64.5938 64.5938
64.5938 64.5938
64.5938 64.5938
64.5938 64.5938
64.5938 64.5938
64.5938 64.5938
64.5938 64.5938
64.5938 64.5938
64.5938 64.5938
64.5938 64.5938
64.5938 64.5938
64.5938 64.5938
64.5938 64.5938
64.5938 64.5938
64.5938 64.5938
64.5938 64.5938
64.5938 64.5938
64.5938 64.5938
64.5938 64.5938
64.5938 64.5938
64.5938 64.5938
64.5938 64.5938
64.5938 64.5938
64.5938 64.5938
64.5938 64.5938
64.5938 64.5938
64.5938 64.5938
64.5938 64.5938
64.5938 64.5938
64.5938 64.5938
64.5938 64.5938
64.5938 64.5938
64.5938 64.5938
64.5938 64.5938
64.5938 64.5938
64.5938 64.5938
64.5938 64.5938
64.5938 64.5938
64.5938 64.5938
64.5938 64.5938
64.5938 64.5938
64.5938 64.5938
64.5938 64.5938
64.5938 64.5938
64.5938 64.5938
64.5938 64.5938
64.5938 64.5938
64.5938 64.5938
64.5938 64.5938
64.5938 64.5938
64.5938 64.5938
64.5938 64.5938
64.5938 64.5938
64.5938 64.5938
64.5938 64.5938
64.5938 64.5938
64.5938 64.5938
64.5938 64.5938
64.5938 64.5938
64.5938 64.5938
64.5938 64.5938
64.5938 64.5938
64.5938 64.5938
64.5938 64.5938
64.5938 64.5938
64.5938 64.5938
64.5938 64.5938
64.5938 64.5938
64.5938 64.5938
64.5938 64.5938
64.5938 64.5938
64.5938 64.5938
64.5938 64.5938
64.5938 64.5938
64.5938 64.5938
64.5938 64.5938
64.5938 64.5938
64.5938 64.5938
64.5938 64.5938
64.5938 64.5938
64.5938 64.5938
64.5938 64.5938
64.5938 64.5938
64.5938 64.5938
64.5938 64.5938
64.5938 64.5938
64.5938 64.5938
64.5938 64.5938
64.5938 64.5938
64.5938 64.5938
64.5938 64.5938
64.5938 64.5938
64.5938 64.5938
64.5938 64.5938
64.5938 64.5938
64.5938 64.5938
64.5938 64.5938
64.5938 64.5938
64.5938 64.5938
64.5938 64.5938
64.5938 64.5938
64.5938 64.5938
64.5938 64.5938
64.5938 64.5938
64.5938 64.5938
64.5938 64.5938
64.5938 64.5938
64.5938 64.5938
64.5938 64.5938
64.5938 64.5938
64.5938 64.5938
64.5938 64.5938
64.5938 64.5938
64.5938 64.5938
64.5938 64.5938
64.5938 64.5938
64.5938 64.5938
64.5938 64.5938
64.5938 64.5938
64.5938 64.5938
64.5938 64.5938
64.5938 64.5938
64.5938 64.5938
64.5938 64.5938
64.5938 64.5938
64.5938 64.5938
64.5938 64.5938
64.5938 64.5938
64.5938 64.5938
64.5938 64.5938
64.5938 64.5938
64.5938 64.5938
64.5938 64.5938
64.5938 64.5938
64.5938 64.5938
64.5938 64.5938
64.5938 64.5938
64.5938 64.5938
64.5938 64.5938
64.5938 64.5938
64.5938 64.5938
64.5938 64.5938
64.5938 64.5938
64.5938 64.5938
64.5938 64.5938
64.5938 64.5938
64.5938 64.5938
64.5938 64.5938
64.5938 64.5938
64.5938 64.5938
64.5938 64.5938
64.5938 64.5938
64.5938 64.5938
64.5938 64.5938
64.5938 64.5938
64.5938 64.5938
64.5938 64.5938
64.5938 64.5938
64.5938 64.5938
64.5938 64.5938
64.5938 64.5938
64.5938 64.5938
64.5938 64.5938
64.5938 64.5938
64.5938 64.5938
64.5938 64.5938
64.5938 64.5938
64.5938 64.5938
64.5938 64.5938
64.5938 64.5938
64.5938 64.5938
64.5938 64.5938
64.5938 64.5938
64.5938 64.5938
64.5938 64.5938
64.5938 64.5938
64.5938 64.5938
64.5938 64.5938
64.5938 64.5938
64.5938 64.5938
64.5938 64.5938
64.5938 64.5938
64.5938 64.5938
64.5938 64.5938
64.5938 64.5938
64.5938 64.5938
64.5938 64.5938
64.5938 64.5938
64.5938 64.5938
64.5938 64.5938
64.5938 64.5938
64.5938 64.5938
64.5938 64.5938
64.5938 64.5938
64.5938 64.5938
64.5938 64.5938
64.5938 64.5938
64.5938 64.5938
64.5938 64.5938
64.5938 64.5938
64.5938 64.5938
64.5938 64.5938
64.5938 64.5938
64.5938 64.5938
64.5938 64.5938
64.5938 64.5938
64.5938 64.5938
64.5938 64.5938
64.5938 64.5938
64.5938 64.5938
64.5938 64.5938
64.5938 64.5938
64.5938 64.5938
64.5938 64.5938
64.5938 64.5938
64.5938 64.5938
64.5938 64.5938
64.5938 64.5938
64.5938 64.5938
64.5938 64.5938
64.5938 64.5938
64.5938 64.5938
64.5938 64.5938
64.5938 64.5938
64.5938 64.5938
64.5938 64.5938
64.5938 64.5938
64.5938 64.5938
64.5938 64.5938
64.5938 64.5938
64.5938 64.5938
64.5938 64.5938
64.5938 64.5938
64.5938 64.5938
64.5938 64.5938
64.5938 64.5938
64.5938 64.5938
64.5938 64.5938
64.5938 64.5938
64.5938 64.5938
64.5938 64.5938
64.5938 64.5938
64.5938 64.5938
64.5938 64.5938
64.5938 64.5938
64.5938 64.5938
64.5938 64.5938
64.5938 64.5938
64.5938 64.5938
64.5938 64.5938
64.5938 64.5938
64.5938 64.5938
64.5938 64.5938
64.5938 64.5938
64.5938 64.5938
64.5938 64.5938
64.5938 64.5938
64.5938 64.5938
64.5938 64.5938
64.5938 64.5938
64.5938 64.5938
64.5938 64.5938
64.5938 64.5938
64.5938 64.5938
64.5938 64.5938
64.5938 64.5938
64.5938 64.5938
64.5938 64.5938
64.5938 64.5938
64.5938 64.5938
64.5938 64.5938
64.5938 64.5938
64.5938 64.5938
64.5938 64.5938
64.5938 64.5938
64.5938 64.5938
64.5938 64.5938
64.5938 64.5938
64.5938 64.5938
64.5938 64.5938
64.5938 64.5938
64.5938 64.5938
64.5938 64.5938
64.5938 64.5938
64.5938 64.5938
64.5938 64.5938
64.5938 64.5938
64.5938 64.5938
64.5938 64.5938
64.5938 64.5938
64.5938 64.5938
64.5938 64.5938
64.5938 64.5938
64.5938 64.5938
64.5938 64.5938
64.5938 64.5938
64.5938 64.5938
64.5938 64.5938
64.5938 64.5938
64.5938 64.5938
64.5938 64.5938
64.5938 64.5938
64.5938 64.5938
64.5938 64.5938
64.5938 64.5938
64.5938 64.5938
64.5938 64.5938
64.5938 64.5938
64.5938 64.5938
64.5938 64.5938
64.5938 64.5938
64.5938 64.5938
64.5938 64.5938
64.5938 64.5938
64.5938 64.5938
64.5938 64.5938
64.5938 64.5938
64.5938 64.5938
64.5938 64.5938
64.5938 64.5938
64.5938 64.5938
64.5938 64.5938
64.5938 64.5938
64.5938 64.5938
64.5938 64.5938
64.5938 64.5938
64.5938 64.5938
64.5938 64.5938
64.5938 64.5938
64.5938 64.5938
64.5938 64.5938
64.5938 64.5938
64.5938 64.5938
64.5938 64.5938
64.5938 64.5938
64.5938 64.5938
64.5938 64.5938
64.5938 64.5938
64.5938 64.5938
64.5938 64.5938
64.5938 64.5938
64.5938 64.5938
64.5938 64.5938
64.5938 64.5938
64.5938 64.5938
64.5938 64.5938
64.5938 64.5938
64.5938 64.5938
64.5938 64.5938
64.5938 64.5938
64.5938 64.5938
64.5938 64.5938
64.5938 64.5938
64.5938 64.5938
64.5938 64.5938
64.5938 64.5938
64.5938 64.5938
64.5938 64.5938
64.5938 64.5938
64.5938 64.5938
64.5938 64.5938
64.5938 64.5938
64.5938 64.5938
64.5938 64.5938
64.5938 64.5938
64.5938 64.5938
64.5938 64.5938
64.5938 64.5938
64.5938 64.5938
64.5938 64.5938
64.5938 64.5938
64.5938 64.5938
64.5938 64.5938
64.5938 64.5938
64.5938 64.5938
64.5938 64.5938
64.5938 64.5938
64.5938 64.5938
64.5938 64.5938
64.5938 64.5938
64.5938 64.5938
64.5938 64.5938
64.5938 64.5938
64.5938 64.5938
64.5938 64.5938
64.5938 64.5938
64.5938 64.5938
64.5938 64.5938
64.5938 64.5938
