#     BLOCK:   ACTUAL_KE:    KE_AVE:      ERROR:
           1     3.02669     3.02669           0
           2     3.19673     3.11171   0.0601179
           3     3.09885     3.10742   0.0402311
           4     2.90379     3.05651   0.0534232
           5     2.71991     2.98919   0.0738401
           6      2.5671     2.91884   0.0889405
           7     2.46207     2.85359   0.0972698
           8     2.38689     2.79525    0.101103
           9     2.33008     2.74357    0.102231
          10     2.29317     2.69853    0.101445
          11     2.27855     2.66035   0.0991473
          12     2.24208     2.62549   0.0968182
          13     2.18273     2.59143   0.0951728
          14     2.16247     2.56079   0.0931765
          15     2.18098     2.53547   0.0903397
          16      2.1792     2.51321   0.0873946
          17     2.17144      2.4931   0.0845344
          18     2.17613     2.47549   0.0816516
          19     2.18054     2.45997    0.078816
          20      2.1997     2.44696    0.075942
          21     2.23263     2.43675   0.0730083
          22     2.21439     2.42664   0.0703859
          23     2.21503     2.41744   0.0679243
          24      2.2245      2.4094   0.0655681
          25     2.21729     2.40172   0.0633941
          26     2.20848     2.39429     0.06139
          27     2.14987     2.38523     0.05978
          28      2.1344     2.37627   0.0583124
          29     2.12088     2.36747   0.0569628
          30     2.11703     2.35912   0.0556723
          31     2.12834     2.35168   0.0543719
          32      2.1275     2.34467   0.0531222
          33     2.09896     2.33722   0.0520316
          34     2.08399     2.32978   0.0510315
          35     2.10209     2.32327   0.0499864
          36     2.12127     2.31766   0.0489118
          37     2.09929     2.31176   0.0479446
          38     2.11231     2.30651   0.0469693
          39     2.11991     2.30172    0.046008
          40     2.13131     2.29746   0.0450547
          41     2.10668     2.29281   0.0441954
          42     2.11354     2.28854   0.0433488
          43     2.09616     2.28407   0.0425709
          44      2.0928     2.27972   0.0418247
          45      2.0945     2.27561   0.0410973
          46     2.11473     2.27211   0.0403525
          47     2.12534     2.26899   0.0396145
          48     2.13864     2.26627   0.0388822
          49     2.13484     2.26359   0.0381811
          50      2.1238     2.26079   0.0375197
          51     2.12743     2.25818    0.036875
          52     2.10455     2.25522    0.036284
          53     2.12189     2.25271   0.0356865
          54     2.08437     2.24959   0.0351616
          55      2.1123     2.24709   0.0346108
          56      2.1006     2.24448   0.0340914
          57     2.08168     2.24162   0.0336128
          58     2.06345     2.23855   0.0331733
          59      2.0628     2.23557   0.0327445
          60     2.03985     2.23231   0.0323608
          61     2.00798     2.22863   0.0320386
          62     1.99596     2.22488   0.0317409
          63     2.03481     2.22186   0.0313801
          64     2.06729     2.21945   0.0309826
          65     2.07538     2.21723   0.0305851
          66     2.09755     2.21542   0.0301754
          67      2.1159     2.21393   0.0297616
          68     2.11823     2.21252   0.0293571
          69     2.08027     2.21061   0.0289942
          70     2.09195     2.20891   0.0286295
          71     2.07924     2.20709   0.0282844
          72      2.0537     2.20496   0.0279717
          73     2.01216     2.20231   0.0277129
          74     1.99278     2.19948   0.0274827
          75     1.97246     2.19646   0.0272825
          76     1.97387     2.19353   0.0270802
          77     1.95053     2.19037   0.0269118
          78      1.9532     2.18733    0.026738
          79     1.96254     2.18449   0.0265505
          80     1.98498     2.18199   0.0263355
          81     2.00673     2.17983   0.0260991
          82       1.995     2.17757   0.0258779
          83     1.98325     2.17523   0.0256719
          84     1.98129     2.17292   0.0254699
          85     1.96695      2.1705   0.0252852
          86     1.97545     2.16823   0.0250927
          87      1.9911      2.1662   0.0248868
          88     2.00794      2.1644   0.0246689
          89     2.03336     2.16293   0.0244356
          90     2.02445     2.16139   0.0242125
          91     1.99454     2.15955   0.0240157
          92     2.00237     2.15785   0.0238154
          93     2.01179     2.15627    0.023611
          94     2.00192     2.15463   0.0234168
          95     2.01673     2.15318   0.0232153
          96     2.00599     2.15165   0.0230241
          97     1.98045     2.14988   0.0228542
          98     1.96422     2.14799   0.0226994
          99     1.95803     2.14607   0.0225511
         100     1.99879      2.1446   0.0223736
         101     1.99893     2.14315   0.0221985
         102     2.02684     2.14201   0.0220102
         103     2.01667      2.1408   0.0218301
         104     2.00719     2.13951    0.021658
         105     2.00559     2.13824   0.0214892
         106     1.99683      2.1369   0.0213278
         107      2.0052     2.13567    0.021164
         108     2.04233     2.13481   0.0209857
         109     2.03594      2.1339   0.0208128
         110     2.03742     2.13302    0.020642
         111     2.03539     2.13214   0.0204748
         112     2.01332     2.13108   0.0203194
         113     1.99263     2.12986   0.0201765
         114     1.96738     2.12843   0.0200498
         115     1.95567     2.12693   0.0199317
         116     1.97811     2.12565   0.0198011
         117     1.98646     2.12446   0.0196676
         118     1.99753     2.12338   0.0195303
         119     2.00623      2.1224    0.019391
         120     2.00508     2.12142    0.019254
         121     2.01121     2.12051   0.0191164
         122     2.01475     2.11964   0.0189794
         123      2.0314     2.11892   0.0188386
         124     2.00805     2.11803   0.0187079
         125     2.00709     2.11714   0.0185793
         126     1.98646     2.11611   0.0184607
         127     1.98118     2.11504   0.0183459
         128     2.03002     2.11438   0.0182146
         129     2.06227     2.11398   0.0180779
         130      2.0499     2.11348   0.0179456
         131     2.05218     2.11301   0.0178147
         132     2.02805     2.11237   0.0176913
         133     2.02128     2.11169   0.0175716
         134     1.99272      2.1108   0.0174628
         135     1.95867     2.10967   0.0173698
         136     1.93708      2.1084   0.0172884
         137     1.93511     2.10714   0.0172084
         138     1.93863     2.10592    0.017127
         139     1.96334     2.10489   0.0170345
         140     2.01322     2.10424   0.0169254
         141     2.01147     2.10358   0.0168181
         142      2.0166     2.10297   0.0167108
         143     2.02175      2.1024   0.0166036
         144     1.98957     2.10161   0.0165068
         145     1.98608     2.10082   0.0164122
         146     1.98741     2.10004   0.0163181
         147     1.96814     2.09914   0.0162318
         148     1.95092     2.09814    0.016153
         149     1.96468     2.09725   0.0160694
         150      1.9954     2.09657   0.0159766
         151     1.97844     2.09578   0.0158899
         152     1.97259     2.09497    0.015806
         153     1.95679     2.09407   0.0157285
         154      1.9428     2.09309    0.015657
         155     1.96103     2.09224   0.0155792
         156     1.96611     2.09143   0.0155003
         157     1.95236     2.09054   0.0154268
         158     1.94643     2.08963   0.0153561
         159     1.95822      2.0888   0.0152818
         160     1.98283     2.08814   0.0152006
         161     1.96157     2.08736   0.0151265
         162     1.97467     2.08666   0.0150491
         163     1.96803     2.08593   0.0149744
         164     1.99432     2.08537   0.0148935
         165     2.00556     2.08489   0.0148111
         166     1.99867     2.08437    0.014731
         167     1.99997     2.08386   0.0146514
         168     1.98631     2.08328   0.0145757
         169     1.99828     2.08278   0.0144981
         170     1.96819     2.08211   0.0144285
         171     1.94512     2.08131   0.0143664
         172     1.95702     2.08058    0.014301
         173     1.94054     2.07977   0.0142412
         174     1.95967     2.07908   0.0141761
         175     1.94001     2.07829   0.0141173
         176     1.91952     2.07739   0.0140659
         177      1.9237     2.07652   0.0140132
         178     1.90466     2.07555   0.0139677
         179     1.89116     2.07452   0.0139276
         180     1.88603     2.07348   0.0138896
         181     1.89638      2.0725   0.0138473
         182     1.91102     2.07161   0.0137996
         183     1.93348     2.07086   0.0137448
         184     1.94371     2.07016   0.0136874
         185     1.95928     2.06956   0.0136266
         186     1.94295     2.06888   0.0135703
         187     1.93089     2.06815   0.0135178
         188     1.91596     2.06734   0.0134701
         189     1.93913     2.06666   0.0134159
         190      1.9235      2.0659   0.0133664
         191     1.92494     2.06517   0.0133168
         192     1.91643     2.06439     0.01327
         193     1.89952     2.06354   0.0132287
         194     1.91279     2.06276   0.0131833
         195     1.91323     2.06199    0.013138
         196     1.94991     2.06142   0.0130834
         197     1.95645     2.06089   0.0130278
         198     1.95887     2.06037   0.0129722
         199     1.95422     2.05984    0.012918
         200     1.97899     2.05944   0.0128597
         201     1.97434     2.05901   0.0128027
         202       1.961     2.05853   0.0127485
         203     1.98632     2.05817   0.0126907
         204     2.00698     2.05792   0.0126309
         205     1.97078      2.0575   0.0125765
         206        1.97     2.05707   0.0125226
         207      1.9595      2.0566    0.012471
         208     1.98405     2.05625   0.0124159
         209     1.96653     2.05582   0.0123639
         210     1.94308     2.05529   0.0123167
         211     1.93966     2.05474   0.0122705
         212     1.95578     2.05427   0.0122215
         213      1.9496     2.05378    0.012174
         214     1.95682     2.05333   0.0121255
         215     1.96657     2.05292   0.0120758
         216     1.99623     2.05266   0.0120228
         217      1.9974     2.05241   0.0119701
         218     1.99368     2.05214   0.0119182
         219     1.98821     2.05184   0.0118673
         220     1.98027     2.05152   0.0118179
         221     1.99944     2.05128   0.0117667
         222     2.02279     2.05115   0.0117144
         223     2.01703       2.051   0.0116629
         224      2.0347     2.05093   0.0116111
         225     2.03331     2.05085   0.0115597
         226     1.99826     2.05062   0.0115109
         227     1.94662     2.05016   0.0114693
         228     1.93544     2.04966     0.01143
         229     1.90907     2.04904   0.0113966
         230     1.93813     2.04856   0.0113573
         231     1.97913     2.04826   0.0113121
         232      1.9917     2.04802   0.0112659
         233     1.96737     2.04767   0.0112229
         234     1.94015     2.04721   0.0111843
         235     1.93303     2.04672   0.0111473
         236     1.94845     2.04631   0.0111078
         237     1.95854     2.04594   0.0110671
         238     1.92479     2.04543   0.0110323
         239     1.92405     2.04492   0.0109979
         240     1.92139     2.04441   0.0109641
         241     1.91832     2.04388   0.0109311
         242     1.89555     2.04327   0.0109031
         243     1.91535     2.04274   0.0108709
         244     1.97896     2.04248   0.0108295
         245     1.97131     2.04219   0.0107892
         246     1.95167     2.04182   0.0107516
         247     1.95957     2.04149   0.0107132
         248     1.96995      2.0412   0.0106739
         249     1.97999     2.04096   0.0106339
         250     2.01095     2.04084    0.010592
         251     2.06249     2.04092   0.0105502
         252     2.05928       2.041   0.0105085
         253     2.04902     2.04103   0.0104671
         254     2.02668     2.04097    0.010426
         255     2.03736     2.04096   0.0103851
         256     2.02239     2.04088   0.0103448
         257     1.97308     2.04062   0.0103079
         258     1.95915      2.0403   0.0102728
         259     1.97063     2.04004   0.0102367
         260     2.00721     2.03991   0.0101981
         261     2.03695      2.0399    0.010159
         262      2.0122     2.03979   0.0101208
         263     1.97944     2.03956   0.0100849
         264     1.97925     2.03933   0.0100493
         265     1.99439     2.03916   0.0100128
         266     2.01226     2.03906  0.00997566
         267     1.99102     2.03888  0.00993992
         268     1.99554     2.03872  0.00990414
         269     1.99552     2.03856  0.00986863
         270     1.98554     2.03836  0.00983403
         271     1.99697     2.03821  0.00979893
         272     2.01141     2.03811   0.0097634
         273     1.99187     2.03794   0.0097291
         274     2.00283     2.03782  0.00969444
         275     2.00709      2.0377  0.00965983
         276     1.99963     2.03757  0.00962582
         277     1.96058     2.03729  0.00959508
         278     1.96032     2.03701  0.00956456
         279      1.9826     2.03682  0.00953226
         280     1.97433     2.03659  0.00950083
         281     1.94818     2.03628  0.00947223
         282     1.93363     2.03591  0.00944563
         283     1.93507     2.03556  0.00941897
         284     1.90786     2.03511  0.00939653
         285     1.92074     2.03471  0.00937213
         286     1.95463     2.03443  0.00934354
         287     1.98782     2.03427  0.00931239
         288      2.0366     2.03427  0.00928006
         289     2.09691     2.03449  0.00925048
         290     2.06957     2.03461  0.00921937
         291     2.01417     2.03454  0.00918796
         292           2     2.03442  0.00915726
         293     2.01079     2.03434  0.00912636
         294     2.00814     2.03425  0.00909575
         295     2.02012      2.0342  0.00906504
         296     2.00546     2.03411  0.00903494
         297     1.97736     2.03392  0.00900654
         298     1.94053      2.0336  0.00898177
         299     1.93036     2.03326  0.00895836
         300     1.93901     2.03294  0.00893401
         301     1.94336     2.03265  0.00890928
         302     1.94408     2.03235  0.00888461
         303     1.92632       2.032  0.00886217
         304     1.94703     2.03172  0.00883743
         305     1.97693     2.03154  0.00881028
         306     1.98919     2.03141  0.00878257
         307     1.98379     2.03125  0.00875533
         308      1.9794     2.03108  0.00872853
         309     1.97717     2.03091  0.00870202
         310     1.97602     2.03073  0.00867575
         311     1.98843     2.03059  0.00864892
         312     1.96952      2.0304  0.00862342
         313     1.96764      2.0302   0.0085982
         314     1.97537     2.03002  0.00857259
         315     2.01616     2.02998  0.00854548
         316     2.02307     2.02996  0.00851847
         317      2.0027     2.02987  0.00849203
         318     1.95681     2.02964  0.00846843
         319     1.93679     2.02935  0.00844689
         320     1.92869     2.02904  0.00842635
         321     1.90759     2.02866  0.00840859
         322     1.93124     2.02836  0.00838791
         323     1.94803     2.02811  0.00836563
         324     1.96594     2.02791  0.00834201
         325     1.97531     2.02775  0.00831791
         326     1.96175     2.02755  0.00829486
         327     1.95657     2.02733  0.00827233
         328      1.9568     2.02712  0.00824991
         329     1.94581     2.02687  0.00822853
         330     1.93345     2.02659  0.00820847
         331     1.96006     2.02639  0.00818613
         332      1.9888     2.02627  0.00816225
         333     1.97514     2.02612  0.00813919
         334     1.96835     2.02595  0.00811666
         335     1.95484     2.02574   0.0080952
         336     1.93728     2.02547  0.00807539
         337     1.91243     2.02514  0.00805839
         338     1.89536     2.02475  0.00804369
         339     1.89821     2.02438  0.00802862
         340     1.91989     2.02407  0.00801088
         341     1.92788     2.02379  0.00799236
         342     1.94295     2.02355  0.00797248
         343     1.94912     2.02334  0.00795219
         344     1.95106     2.02313  0.00793185
         345     1.91593     2.02282  0.00791494
         346     1.93153     2.02255  0.00789646
         347     1.95544     2.02236  0.00787608
         348     1.98259     2.02224  0.00785427
         349     1.99784     2.02217  0.00783208
         350     1.98937     2.02208  0.00781026
         351     2.01683     2.02207  0.00778802
         352     2.01282     2.02204  0.00776594
         353     2.03199     2.02207    0.007744
         354     2.03272      2.0221  0.00772218
         355     2.02519     2.02211  0.00770043
         356     2.03053     2.02213  0.00767884
         357     2.02332     2.02213  0.00765733
         358     2.01552     2.02211  0.00763596
         359     1.97668     2.02199  0.00761574
         360     1.97781     2.02187  0.00759557
         361     1.98383     2.02176  0.00757526
         362     1.99108     2.02168  0.00755481
         363     1.97325     2.02154  0.00753518
         364     1.94959     2.02134  0.00751707
         365      1.9389     2.02112  0.00749987
         366     1.96074     2.02095  0.00748119
         367     1.98037     2.02084  0.00746162
         368     1.98857     2.02076  0.00744186
         369     1.97729     2.02064  0.00742263
         370     1.95445     2.02046  0.00740472
         371     1.96562     2.02031  0.00738624
         372     1.96253     2.02016  0.00736801
         373     1.96777     2.02001   0.0073496
         374     1.98878     2.01993  0.00733042
         375     1.97482     2.01981  0.00731186
         376     1.97958      2.0197   0.0072932
         377     1.99666     2.01964  0.00727411
         378     2.00013     2.01959  0.00725505
         379     2.03345     2.01963    0.007236
         380     2.00453     2.01959  0.00721706
         381     1.99071     2.01951  0.00719852
         382     1.96491     2.01937  0.00718109
         383     1.96636     2.01923  0.00716368
         384     1.95439     2.01906  0.00714701
         385     1.93621     2.01885  0.00713169
         386     1.92941     2.01862  0.00711697
         387     1.93853     2.01841  0.00710159
         388     1.93238     2.01819  0.00708675
         389     1.94277     2.01799  0.00707118
         390     1.97077     2.01787  0.00705409
         391     1.96039     2.01772  0.00703758
         392     1.96302     2.01759  0.00702101
         393     1.95473     2.01743  0.00700497
         394     1.98901     2.01735  0.00698756
         395      2.0083     2.01733  0.00696991
         396      2.0032     2.01729   0.0069524
         397     1.98371     2.01721   0.0069354
         398     1.95487     2.01705  0.00691974
         399     1.94166     2.01686  0.00690498
         400     1.95908     2.01672  0.00688923
         401     1.96144     2.01658  0.00687343
         402     1.96455     2.01645  0.00685755
         403     1.94855     2.01628   0.0068426
         404     1.93017     2.01607  0.00682898
         405     1.90121     2.01579  0.00681801
         406     1.89837      2.0155  0.00680734
         407     1.92315     2.01527   0.0067944
         408     1.93942     2.01509  0.00678029
         409     1.92126     2.01486  0.00676759
         410     1.91053      2.0146  0.00675587
         411     1.92777     2.01439  0.00674273
         412     1.90585     2.01413  0.00673151
         413     1.91664     2.01389  0.00671935
         414     1.93445      2.0137  0.00670586
         415     1.92815     2.01349  0.00669287
         416     1.92034     2.01327  0.00668052
         417      1.9535     2.01313  0.00666604
         418     1.99965     2.01309  0.00665017
         419      2.0285     2.01313   0.0066344
         420     2.02062     2.01315  0.00661863
         421     2.02154     2.01317  0.00660294
         422     1.98467      2.0131  0.00658764
         423     1.98468     2.01303   0.0065724
         424     2.01573     2.01304  0.00655691
         425     2.00328     2.01302  0.00654152
         426     2.01142     2.01301  0.00652616
         427     2.00494     2.01299  0.00651091
         428     1.98418     2.01293  0.00649604
         429     1.95363     2.01279  0.00648237
         430     1.95491     2.01265  0.00646869
         431     1.93808     2.01248    0.006456
         432      1.9827     2.01241  0.00644142
         433     2.01405     2.01242  0.00642655
         434     2.03414     2.01247  0.00641193
         435     2.02205     2.01249  0.00639723
         436     2.00599     2.01247  0.00638258
         437     1.97907      2.0124  0.00636843
         438     1.93885     2.01223   0.0063561
         439     1.91997     2.01202   0.0063451
         440     1.94825     2.01187  0.00633233
         441     1.97531     2.01179  0.00631852
         442     1.98782     2.01174  0.00630445
         443     1.98299     2.01167  0.00629056
         444     1.97619     2.01159   0.0062769
         445     1.95581     2.01147  0.00626404
         446     1.94957     2.01133  0.00625153
         447     1.92383     2.01113  0.00624061
         448     1.90496     2.01089  0.00623118
         449     1.90684     2.01066  0.00622161
         450     1.92333     2.01047  0.00621081
         451     1.92773     2.01029  0.00619975
         452     1.90909     2.01006  0.00619007
         453     1.92251     2.00987  0.00617942
         454     1.95103     2.00974  0.00616717
         455     1.96571     2.00964  0.00615438
         456     1.95552     2.00952  0.00614202
         457     1.94428     2.00938  0.00613024
         458     1.95403     2.00926  0.00611805
         459     1.97796     2.00919   0.0061051
         460     1.97995     2.00913  0.00609216
         461     1.97895     2.00906   0.0060793
         462     1.97163     2.00898  0.00606668
         463     1.97321      2.0089  0.00605407
         464     1.98297     2.00885  0.00604128
         465     1.98965     2.00881  0.00602843
         466      1.9765     2.00874  0.00601589
         467     1.98602     2.00869   0.0060032
         468     2.02052     2.00871  0.00599043
         469     2.03489     2.00877  0.00597792
         470     2.01303     2.00878   0.0059652
         471       1.991     2.00874  0.00595266
         472      1.9816     2.00868  0.00594032
         473     1.96177     2.00858  0.00592859
         474     1.99376     2.00855  0.00591617
         475     2.01753     2.00857  0.00590374
         476     2.04425     2.00865  0.00589182
         477     2.02385     2.00868  0.00587955
         478      2.0146     2.00869  0.00586726
         479     2.01968     2.00871  0.00585506
         480     2.00575     2.00871  0.00584286
         481     1.97167     2.00863  0.00583122
         482     1.94395      2.0085  0.00582067
         483     1.95826     2.00839  0.00580955
         484     1.94674     2.00827  0.00579894
         485     1.96528     2.00818  0.00578766
         486     1.97651     2.00811  0.00577612
         487     1.97535     2.00804  0.00576465
         488     1.97477     2.00798  0.00575324
         489     1.97897     2.00792  0.00574178
         490     1.95069      2.0078  0.00573125
         491     1.95454     2.00769  0.00572061
         492     1.97174     2.00762  0.00570945
         493      1.9938     2.00759  0.00569793
         494     2.00693     2.00759   0.0056864
         495     2.01535      2.0076  0.00567493
         496     1.99994     2.00759  0.00566351
         497     1.99217     2.00756   0.0056522
         498     1.95585     2.00745  0.00564181
         499     1.92034     2.00728   0.0056332
         500     1.91343     2.00709  0.00562506
