#     BLOCK:  ACTUAL_PE:     PE_AVE:      ERROR:
           1    -1.43643    -1.43643           0
           2    -1.60742    -1.52193   0.0604561
           3    -1.50547    -1.51644   0.0405523
           4    -1.30941    -1.46468   0.0541674
           5    -1.12477     -1.3967   0.0746663
           6   -0.972714    -1.32604   0.0896257
           7   -0.866892    -1.26044    0.097925
           8   -0.791261     -1.2018    0.101742
           9   -0.734243    -1.14985    0.102849
          10   -0.697464    -1.10461    0.102029
          11   -0.682221    -1.06621   0.0997179
          12   -0.645416    -1.03114   0.0973786
          13   -0.585972   -0.996899   0.0957198
          14   -0.566964   -0.966189   0.0936795
          15   -0.584056   -0.940713   0.0908322
          16   -0.583782   -0.918405   0.0878519
          17   -0.575048   -0.898208   0.0849741
          18   -0.580443   -0.880554   0.0820667
          19    -0.58441   -0.864968   0.0792137
          20   -0.604343   -0.851936   0.0763173
          21   -0.636338    -0.84167   0.0733705
          22   -0.618601    -0.83153   0.0707326
          23   -0.619095   -0.822294   0.0682577
          24   -0.628765    -0.81423   0.0658882
          25   -0.620875   -0.806496    0.063705
          26   -0.612319   -0.799028    0.061691
          27   -0.553077   -0.789918   0.0600749
          28   -0.537999   -0.780921   0.0585992
          29    -0.52474   -0.772087   0.0572406
          30   -0.520358   -0.763696   0.0559442
          31   -0.532324   -0.756233   0.0546351
          32   -0.531042   -0.749196   0.0533791
          33   -0.502578   -0.741722    0.052282
          34   -0.487806   -0.734254   0.0512749
          35   -0.506189   -0.727738   0.0502223
          36   -0.524468   -0.722092   0.0491436
          37   -0.503215   -0.716176   0.0481701
          38   -0.516237   -0.710915    0.047189
          39   -0.524273   -0.706129    0.046221
          40   -0.534143   -0.701829    0.045265
          41   -0.511172   -0.697179   0.0443992
          42   -0.517103   -0.692892   0.0435486
          43   -0.499642   -0.688397   0.0427671
          44    -0.49709   -0.684049   0.0420156
          45   -0.498474   -0.679926   0.0412838
          46   -0.518836   -0.676424   0.0405346
          47   -0.529254   -0.673292   0.0397929
          48   -0.542392   -0.670565   0.0390572
          49   -0.538932   -0.667879   0.0383524
          50   -0.527796   -0.665077   0.0376876
          51   -0.531691   -0.662462   0.0370392
          52   -0.508141   -0.659494   0.0364456
          53   -0.525931   -0.656974    0.035845
          54   -0.488419   -0.653853   0.0353168
          55   -0.516087   -0.651348   0.0347634
          56   -0.504393   -0.648724   0.0342416
          57   -0.485366   -0.645858   0.0337606
          58   -0.467275   -0.642779   0.0333186
          59   -0.465576   -0.639775    0.032889
          60   -0.443877    -0.63651   0.0325025
          61   -0.411307   -0.632818   0.0321786
          62   -0.400069   -0.629064   0.0318778
          63   -0.438826   -0.626045   0.0315145
          64   -0.470917   -0.623621   0.0311152
          65   -0.478941   -0.621395    0.030716
          66   -0.501559   -0.619579   0.0303042
          67   -0.518875   -0.618076   0.0298892
          68   -0.521923   -0.616662   0.0294831
          69   -0.483439   -0.614731   0.0291189
          70   -0.494806   -0.613018   0.0287533
          71   -0.482886   -0.611185   0.0284067
          72   -0.456851   -0.609042   0.0280929
          73   -0.415285   -0.606388   0.0278332
          74   -0.395918   -0.603543    0.027602
          75   -0.375853   -0.600508   0.0274004
          76   -0.377057   -0.597567   0.0271972
          77   -0.353635     -0.5944   0.0270278
          78   -0.356661   -0.591352   0.0268526
          79   -0.365897   -0.588498   0.0266639
          80   -0.388419   -0.585997   0.0264477
          81   -0.409682    -0.58382   0.0262106
          82   -0.398641   -0.581562    0.025988
          83   -0.386086   -0.579207   0.0257814
          84   -0.385006   -0.576895   0.0255779
          85   -0.370496   -0.574466    0.025392
          86   -0.378784   -0.572191   0.0251985
          87   -0.394337   -0.570147   0.0249917
          88   -0.411723   -0.568347   0.0247724
          89   -0.436678   -0.566867   0.0245382
          90   -0.427793   -0.565322   0.0243142
          91   -0.397954   -0.563483   0.0241164
          92   -0.406043   -0.561771    0.023915
          93   -0.414617   -0.560189   0.0237101
          94   -0.405687   -0.558545   0.0235148
          95   -0.420396   -0.557091   0.0233122
          96   -0.409723   -0.555556   0.0231198
          97   -0.383681   -0.553784   0.0229493
          98   -0.367609   -0.551884   0.0227936
          99   -0.361755   -0.549964   0.0226441
         100   -0.402497   -0.548489   0.0224656
         101   -0.402938   -0.547048   0.0222894
         102   -0.430085   -0.545901   0.0221003
         103   -0.420377   -0.544683   0.0219193
         104   -0.410279    -0.54339   0.0217466
         105   -0.409517   -0.542115   0.0215769
         106   -0.399993   -0.540775   0.0214149
         107   -0.408792   -0.539541   0.0212503
         108   -0.445854   -0.538674   0.0210712
         109    -0.43913    -0.53776   0.0208977
         110   -0.440595   -0.536877   0.0207264
         111   -0.438786   -0.535993   0.0205585
         112   -0.416561   -0.534927   0.0204026
         113   -0.395509   -0.533693   0.0202593
         114   -0.370484   -0.532262   0.0201321
         115   -0.359117   -0.530756   0.0200132
         116   -0.381635   -0.529471    0.019882
         117   -0.389438   -0.528274    0.019748
         118   -0.401321   -0.527198   0.0196099
         119   -0.409595    -0.52621     0.01947
         120   -0.408142   -0.525226   0.0193326
         121   -0.414392    -0.52431   0.0191945
         122   -0.417983   -0.523438    0.019057
         123    -0.43497   -0.522719   0.0189156
         124   -0.411207    -0.52182   0.0187844
         125   -0.410184   -0.520926   0.0186554
         126   -0.389642   -0.519885   0.0185364
         127   -0.384303   -0.518817   0.0184212
         128   -0.434153   -0.518156   0.0182891
         129   -0.465737   -0.517749   0.0181519
         130     -0.4529    -0.51725   0.0180191
         131   -0.455577    -0.51678   0.0178877
         132   -0.431188   -0.516131   0.0177639
         133   -0.424706   -0.515444   0.0176436
         134   -0.396146   -0.514553   0.0175344
         135   -0.361462   -0.513419   0.0174412
         136   -0.340395   -0.512147   0.0173593
         137   -0.338556    -0.51088   0.0172787
         138   -0.342628   -0.509661   0.0171965
         139   -0.366954   -0.508634   0.0171034
         140   -0.416637   -0.507977   0.0169938
         141    -0.41494   -0.507317   0.0168861
         142     -0.4197     -0.5067   0.0167785
         143   -0.424994   -0.506129   0.0166709
         144   -0.393066   -0.505344   0.0165736
         145   -0.389219   -0.504543   0.0164786
         146   -0.390791   -0.503764   0.0163842
         147   -0.371148   -0.502862   0.0162975
         148   -0.354146   -0.501857   0.0162184
         149   -0.368194    -0.50096   0.0161343
         150    -0.39884   -0.500279   0.0160411
         151   -0.382011   -0.499496    0.015954
         152   -0.375544    -0.49868   0.0158698
         153   -0.359979   -0.497774    0.015792
         154   -0.345978   -0.496788   0.0157202
         155   -0.364625   -0.495935   0.0156419
         156   -0.369248   -0.495123   0.0155627
         157   -0.355819   -0.494236   0.0154888
         158   -0.349612   -0.493321   0.0154178
         159   -0.362214   -0.492496   0.0153429
         160      -0.386    -0.49183   0.0152614
         161   -0.364763   -0.491041    0.015187
         162    -0.37849   -0.490346   0.0151091
         163   -0.371571   -0.489618    0.015034
         164   -0.397439   -0.489056   0.0149528
         165   -0.409001    -0.48857   0.0148701
         166   -0.401954   -0.488049   0.0147897
         167   -0.403709   -0.487544   0.0147097
         168   -0.389154   -0.486958   0.0146338
         169   -0.401319   -0.486451    0.014556
         170   -0.371349   -0.485774   0.0144861
         171   -0.348528   -0.484972   0.0144236
         172    -0.36029   -0.484247    0.014358
         173   -0.344087   -0.483437   0.0142978
         174   -0.362854   -0.482743   0.0142324
         175   -0.343121   -0.481946   0.0141734
         176   -0.322865   -0.481042   0.0141217
         177   -0.327198   -0.480173   0.0140686
         178   -0.307938   -0.479205   0.0140228
         179   -0.294908   -0.478175   0.0139822
         180   -0.289365   -0.477126   0.0139438
         181    -0.29942   -0.476145   0.0139013
         182   -0.314898   -0.475259   0.0138532
         183   -0.337039   -0.474503    0.013798
         184   -0.347383   -0.473813   0.0137403
         185   -0.362975   -0.473213   0.0136791
         186   -0.345975   -0.472529   0.0136227
         187   -0.334264    -0.47179   0.0135699
         188   -0.319182   -0.470978   0.0135219
         189   -0.342645   -0.470299   0.0134674
         190   -0.326996   -0.469545   0.0134177
         191   -0.328158   -0.468805   0.0133678
         192    -0.31983   -0.468029   0.0133207
         193    -0.30296   -0.467174   0.0132791
         194   -0.316144   -0.466395   0.0132334
         195   -0.316753   -0.465628   0.0131878
         196   -0.353445   -0.465055   0.0131329
         197   -0.360129   -0.464523   0.0130771
         198   -0.362303   -0.464006   0.0130212
         199   -0.357794   -0.463473   0.0129667
         200   -0.382332   -0.463067   0.0129082
         201   -0.377469   -0.462641    0.012851
         202   -0.364876   -0.462157   0.0127965
         203   -0.389613     -0.4618   0.0127385
         204   -0.410632   -0.461549   0.0126785
         205   -0.373995   -0.461122   0.0126238
         206   -0.373636   -0.460697   0.0125697
         207   -0.362794   -0.460224   0.0125179
         208   -0.387327   -0.459874   0.0124626
         209   -0.369823   -0.459443   0.0124104
         210   -0.346211   -0.458904    0.012363
         211   -0.342943   -0.458354   0.0123166
         212   -0.359287   -0.457887   0.0122674
         213   -0.352999   -0.457394   0.0122197
         214   -0.360593   -0.456942    0.012171
         215   -0.370228   -0.456539    0.012121
         216   -0.399836   -0.456276   0.0120678
         217   -0.400333   -0.456018   0.0120149
         218   -0.397267   -0.455749   0.0119628
         219   -0.391549   -0.455456   0.0119118
         220   -0.384017   -0.455131   0.0118621
         221    -0.40276   -0.454894   0.0118107
         222   -0.426674   -0.454767   0.0117582
         223    -0.42058   -0.454614   0.0117065
         224    -0.43782   -0.454539   0.0116545
         225   -0.436581   -0.454459    0.011603
         226   -0.401386   -0.454224    0.011554
         227   -0.349779   -0.453764   0.0115123
         228   -0.338552   -0.453259   0.0114728
         229   -0.312791   -0.452645   0.0114391
         230   -0.341588   -0.452162   0.0113996
         231   -0.382919   -0.451863   0.0113542
         232   -0.395209   -0.451618   0.0113079
         233   -0.370718   -0.451271   0.0112647
         234   -0.343261    -0.45081    0.011226
         235    -0.33643   -0.450323   0.0111887
         236   -0.352256   -0.449907   0.0111491
         237   -0.361272   -0.449533   0.0111083
         238   -0.328061   -0.449023   0.0110733
         239   -0.327303   -0.448514   0.0110387
         240    -0.32477   -0.447998   0.0110047
         241   -0.321242   -0.447472   0.0109716
         242    -0.29874   -0.446857   0.0109435
         243   -0.319521   -0.446333    0.010911
         244   -0.382252   -0.446071   0.0108694
         245   -0.374161   -0.445777    0.010829
         246   -0.355507    -0.44541   0.0107912
         247   -0.362831   -0.445076   0.0107527
         248   -0.374009   -0.444789   0.0107132
         249   -0.382919   -0.444541    0.010673
         250   -0.415044   -0.444423    0.010631
         251    -0.46654   -0.444511    0.010589
         252    -0.46261   -0.444583   0.0105472
         253    -0.45123   -0.444609   0.0105056
         254   -0.430819   -0.444555   0.0104644
         255    -0.44035   -0.444538   0.0104233
         256    -0.42569   -0.444465   0.0103829
         257   -0.375856   -0.444198   0.0103459
         258   -0.362648   -0.443882   0.0103106
         259   -0.374189   -0.443613   0.0102743
         260   -0.411128   -0.443488   0.0102356
         261   -0.440264   -0.443475   0.0101964
         262   -0.415406   -0.443368    0.010158
         263   -0.382375   -0.443136    0.010122
         264   -0.382783   -0.442908   0.0100863
         265   -0.398228   -0.442739   0.0100496
         266   -0.415238   -0.442636   0.0100124
         267   -0.394414   -0.442455  0.00997651
         268   -0.398876   -0.442293  0.00994061
         269   -0.398699    -0.44213  0.00990498
         270   -0.388884   -0.441933  0.00987026
         271   -0.400505    -0.44178  0.00983502
         272   -0.414827   -0.441681  0.00979936
         273   -0.394901    -0.44151  0.00976496
         274    -0.40658   -0.441382  0.00973016
         275   -0.410471    -0.44127  0.00969542
         276   -0.402717    -0.44113   0.0096613
         277   -0.363714   -0.440851  0.00963046
         278   -0.363964   -0.440574  0.00959979
         279   -0.386355    -0.44038  0.00956735
         280   -0.377401   -0.440155  0.00953583
         281   -0.351015   -0.439838  0.00950717
         282   -0.337192   -0.439474  0.00948042
         283    -0.33831   -0.439116  0.00945365
         284   -0.311358   -0.438667  0.00943106
         285   -0.324088   -0.438264  0.00940654
         286   -0.358554   -0.437986  0.00937778
         287    -0.39191   -0.437825  0.00934647
         288   -0.439944   -0.437833  0.00931402
         289   -0.500624    -0.43805  0.00928433
         290   -0.472564   -0.438169  0.00925308
         291   -0.416781   -0.438095  0.00922157
         292   -0.403513   -0.437977  0.00919075
         293   -0.414234   -0.437896  0.00915974
         294   -0.411594   -0.437806  0.00912902
         295    -0.42348   -0.437758  0.00909821
         296   -0.408318   -0.437658  0.00906801
         297    -0.38044   -0.437466  0.00903953
         298   -0.343827   -0.437152  0.00901465
         299   -0.333853   -0.436806  0.00899112
         300   -0.342559   -0.436492  0.00896664
         301   -0.346665   -0.436193  0.00894181
         302   -0.347174   -0.435899  0.00891706
         303   -0.329735   -0.435548  0.00889451
         304   -0.350649   -0.435269  0.00886964
         305   -0.380375   -0.435089  0.00884238
         306   -0.392876   -0.434951  0.00881456
         307   -0.386967   -0.434795  0.00878724
         308   -0.382926   -0.434626  0.00876032
         309   -0.380646   -0.434452  0.00873371
         310   -0.379717   -0.434275  0.00870732
         311   -0.391485   -0.434138  0.00868041
         312   -0.372666   -0.433941  0.00865483
         313   -0.370974   -0.433739  0.00862951
         314   -0.379175   -0.433566  0.00860378
         315   -0.420106   -0.433523  0.00857657
         316   -0.425975   -0.433499  0.00854946
         317   -0.405748   -0.433411  0.00852294
         318   -0.360113   -0.433181  0.00849926
         319   -0.340052   -0.432889  0.00847763
         320   -0.331911   -0.432573    0.008457
         321   -0.311034   -0.432195  0.00843913
         322   -0.334842   -0.431892  0.00841833
         323   -0.351387   -0.431643  0.00839596
         324    -0.36913    -0.43145  0.00837226
         325    -0.37892   -0.431289  0.00834806
         326   -0.365037   -0.431085  0.00832493
         327     -0.3597   -0.430867  0.00830233
         328    -0.36012   -0.430651  0.00827982
         329   -0.348758   -0.430403   0.0082584
         330   -0.337057    -0.43012  0.00823821
         331   -0.363377   -0.429918  0.00821579
         332   -0.392033   -0.429804  0.00819184
         333   -0.378783   -0.429651  0.00816867
         334   -0.371796   -0.429477  0.00814605
         335     -0.3579   -0.429264  0.00812453
         336   -0.340082   -0.428998  0.00810469
         337   -0.315396   -0.428661  0.00808765
         338    -0.29869   -0.428277  0.00807285
         339   -0.301677   -0.427903  0.00805767
         340   -0.323638   -0.427597  0.00803981
         341   -0.331335   -0.427314  0.00802119
         342   -0.346572   -0.427078  0.00800121
         343   -0.352149    -0.42686  0.00798086
         344   -0.354459   -0.426649  0.00796043
         345   -0.318889   -0.426337  0.00794349
         346    -0.33542   -0.426074  0.00792487
         347   -0.359098   -0.425881  0.00790439
         348   -0.385811   -0.425766  0.00788251
         349    -0.40099   -0.425695  0.00786024
         350   -0.393481   -0.425603  0.00783832
         351   -0.420334   -0.425588  0.00781601
         352   -0.416295   -0.425562  0.00779385
         353   -0.435605    -0.42559  0.00777182
         354    -0.43594   -0.425619  0.00774992
         355   -0.428782   -0.425628   0.0077281
         356   -0.433653   -0.425651  0.00770642
         357    -0.42725   -0.425655  0.00768484
         358   -0.418607   -0.425636  0.00766339
         359    -0.38023   -0.425509  0.00764309
         360   -0.381368   -0.425386  0.00762284
         361   -0.387355   -0.425281  0.00760246
         362   -0.394567   -0.425196  0.00758193
         363   -0.376518   -0.425062  0.00756223
         364   -0.352629   -0.424863  0.00754407
         365   -0.342177   -0.424637   0.0075268
         366   -0.364424   -0.424472  0.00750803
         367   -0.384527   -0.424363  0.00748837
         368   -0.391615   -0.424274  0.00746855
         369    -0.38043   -0.424155  0.00744925
         370   -0.357892   -0.423976  0.00743127
         371   -0.369233   -0.423829   0.0074127
         372   -0.365987   -0.423673  0.00739441
         373    -0.37144   -0.423533  0.00737591
         374   -0.391883   -0.423449  0.00735667
         375   -0.378105   -0.423328  0.00733805
         376   -0.383103   -0.423221  0.00731931
         377   -0.400253    -0.42316  0.00730015
         378   -0.403671   -0.423108  0.00728102
         379   -0.436627   -0.423144   0.0072619
         380   -0.407749   -0.423103   0.0072429
         381   -0.393996   -0.423027  0.00722429
         382   -0.368208   -0.422884  0.00720681
         383   -0.369443   -0.422744  0.00718934
         384   -0.357635   -0.422574  0.00717262
         385   -0.339317   -0.422358  0.00715725
         386    -0.33255   -0.422126  0.00714249
         387   -0.341755   -0.421918  0.00712705
         388   -0.335743   -0.421696  0.00711214
         389   -0.346238   -0.421502   0.0070965
         390   -0.374341   -0.421381  0.00707933
         391   -0.362924   -0.421231  0.00706281
         392   -0.366553   -0.421092  0.00704617
         393   -0.358313   -0.420932  0.00703005
         394   -0.392799   -0.420861  0.00701257
         395   -0.411837   -0.420838  0.00699485
         396    -0.40646   -0.420802  0.00697728
         397   -0.387119   -0.420717  0.00696022
         398   -0.357791   -0.420559  0.00694453
         399   -0.345205    -0.42037  0.00692969
         400   -0.362412   -0.420225  0.00691388
         401   -0.364792   -0.420087  0.00689802
         402   -0.368145   -0.419957  0.00688207
         403   -0.351801   -0.419788  0.00686708
         404   -0.333093   -0.419574  0.00685343
         405   -0.304208   -0.419289  0.00684243
         406   -0.301743   -0.418999  0.00683169
         407   -0.326904   -0.418773  0.00681866
         408   -0.342475   -0.418586  0.00680451
         409   -0.324393   -0.418356  0.00679177
         410   -0.313582     -0.4181  0.00678001
         411   -0.331395   -0.417889  0.00676679
         412   -0.309208   -0.417625  0.00675551
         413   -0.320093   -0.417389  0.00674328
         414   -0.337921   -0.417197  0.00672972
         415    -0.33133    -0.41699  0.00671668
         416   -0.323623   -0.416766  0.00670429
         417    -0.35748   -0.416624  0.00668972
         418    -0.40379   -0.416593  0.00667378
         419   -0.431405   -0.416628  0.00665795
         420   -0.424313   -0.416647  0.00664212
         421   -0.424384   -0.416665  0.00662637
         422   -0.388435   -0.416598  0.00661101
         423   -0.387817    -0.41653  0.00659573
         424    -0.41884   -0.416536  0.00658017
         425   -0.407203   -0.416514  0.00656473
         426   -0.414668   -0.416509  0.00654932
         427   -0.408215    -0.41649  0.00653401
         428   -0.387586   -0.416422  0.00651909
         429   -0.356894   -0.416284  0.00650537
         430    -0.35789   -0.416148  0.00649166
         431   -0.341646   -0.415975   0.0064789
         432     -0.3868   -0.415907  0.00646425
         433   -0.417216   -0.415911  0.00644933
         434   -0.437722   -0.415961  0.00643466
         435   -0.425096   -0.415982   0.0064199
         436   -0.408741   -0.415965   0.0064052
         437   -0.382354   -0.415888    0.006391
         438   -0.341606   -0.415719  0.00637866
         439   -0.323318   -0.415508   0.0063676
         440   -0.351968   -0.415364  0.00635477
         441   -0.378464    -0.41528  0.00634091
         442   -0.391139   -0.415225   0.0063268
         443   -0.386032    -0.41516  0.00631286
         444   -0.379571   -0.415079  0.00629915
         445   -0.358953   -0.414953  0.00628626
         446   -0.352561   -0.414813  0.00627372
         447   -0.326691   -0.414616  0.00626278
         448   -0.308491   -0.414379  0.00625328
         449   -0.310383   -0.414148  0.00624364
         450   -0.326771   -0.413954  0.00623279
         451   -0.330606   -0.413769  0.00622171
         452   -0.312516   -0.413545  0.00621197
         453   -0.325889   -0.413351  0.00620127
         454   -0.354643   -0.413222  0.00618896
         455   -0.369083   -0.413125  0.00617612
         456   -0.358911   -0.413006  0.00616372
         457   -0.347687   -0.412863  0.00615189
         458   -0.357575   -0.412742  0.00613964
         459   -0.381351   -0.412674  0.00612665
         460   -0.383657   -0.412611  0.00611365
         461   -0.381668   -0.412544  0.00610076
         462    -0.37551   -0.412464  0.00608808
         463   -0.376496   -0.412386  0.00607543
         464   -0.386882   -0.412331  0.00606258
         465    -0.39254   -0.412288  0.00604969
         466   -0.379483   -0.412218  0.00603712
         467   -0.390082   -0.412171  0.00602438
         468   -0.423948   -0.412196  0.00601156
         469   -0.438531   -0.412252    0.005999
         470   -0.416241    -0.41226  0.00598625
         471   -0.393898   -0.412221  0.00597366
         472   -0.384797   -0.412163  0.00596129
         473   -0.365156   -0.412064  0.00594952
         474   -0.397484   -0.412033  0.00593704
         475   -0.421027   -0.412052  0.00592457
         476   -0.447728   -0.412127   0.0059126
         477   -0.426734   -0.412158  0.00590029
         478   -0.417772   -0.412169  0.00588795
         479   -0.423599   -0.412193  0.00587571
         480   -0.408474   -0.412186  0.00586347
         481   -0.375152   -0.412109  0.00585179
         482   -0.346938   -0.411973  0.00584121
         483   -0.361501   -0.411869  0.00583005
         484   -0.350536   -0.411742  0.00581938
         485   -0.368758   -0.411654  0.00580806
         486   -0.380054   -0.411589  0.00579647
         487   -0.378751   -0.411521  0.00578496
         488   -0.378576   -0.411454   0.0057735
         489   -0.382371   -0.411394    0.005762
         490   -0.353855   -0.411277  0.00575144
         491   -0.358168   -0.411169  0.00574074
         492   -0.375644   -0.411096  0.00572953
         493   -0.397292   -0.411068  0.00571797
         494   -0.410648   -0.411067   0.0057064
         495   -0.419076   -0.411084  0.00569489
         496   -0.402999   -0.411067  0.00568344
         497   -0.395464   -0.411036  0.00567209
         498   -0.358915   -0.410931  0.00566166
         499   -0.323975   -0.410757    0.005653
         500   -0.317023    -0.41057   0.0056448
