#     BLOCK:   ACTUAL_T:     T_AVE:       ERROR:
           1     2.01779     2.01779           0
           2     2.13115     2.07447   0.0400786
           3      2.0659     2.07161   0.0268207
           4     1.93586     2.03768   0.0356155
           5     1.81327     1.99279   0.0492267
           6      1.7114      1.9459   0.0592936
           7     1.64138     1.90239   0.0648466
           8     1.59126      1.8635   0.0674018
           9     1.55338     1.82904   0.0681538
          10     1.52878     1.79902     0.06763
          11     1.51903     1.77357   0.0660982
          12     1.49472     1.75033   0.0645455
          13     1.45515     1.72762   0.0634486
          14     1.44165      1.7072   0.0621177
          15     1.45399     1.69032   0.0602265
          16      1.4528     1.67547    0.058263
          17     1.44763     1.66207   0.0563562
          18     1.45075     1.65033   0.0544344
          19     1.45369     1.63998    0.052544
          20     1.46646      1.6313    0.050628
          21     1.48842      1.6245   0.0486722
          22     1.47626     1.61776   0.0469239
          23     1.47669     1.61163   0.0452829
          24       1.483     1.60627   0.0437121
          25     1.47819     1.60114   0.0422627
          26     1.47232     1.59619   0.0409267
          27     1.43325     1.59016   0.0398533
          28     1.42293     1.58418   0.0388749
          29     1.41392     1.57831   0.0379752
          30     1.41135     1.57275   0.0371149
          31     1.41889     1.56778   0.0362479
          32     1.41834     1.56311   0.0354148
          33     1.39931     1.55815   0.0346877
          34     1.38933     1.55318    0.034021
          35     1.40139     1.54885   0.0333243
          36     1.41418     1.54511   0.0326079
          37     1.39952     1.54117   0.0319631
          38      1.4082     1.53767   0.0313129
          39     1.41327     1.53448    0.030672
          40     1.42088     1.53164   0.0300364
          41     1.40445     1.52854   0.0294636
          42     1.40903     1.52569   0.0288992
          43     1.39744     1.52271   0.0283806
          44      1.3952     1.51981   0.0278832
          45     1.39633     1.51707   0.0273982
          46     1.40982     1.51474   0.0269016
          47     1.41689     1.51266   0.0264097
          48     1.42576     1.51085   0.0259215
          49     1.42323     1.50906   0.0254541
          50     1.41587     1.50719   0.0250131
          51     1.41828     1.50545   0.0245833
          52     1.40303     1.50348   0.0241894
          53     1.41459      1.5018    0.023791
          54     1.38958     1.49973    0.023441
          55      1.4082     1.49806   0.0230738
          56      1.4004     1.49632   0.0227276
          57     1.38779     1.49441   0.0224085
          58     1.37563     1.49237   0.0221155
          59      1.3752     1.49038   0.0218297
          60      1.3599     1.48821   0.0215739
          61     1.33865     1.48575   0.0213591
          62     1.33064     1.48325   0.0211606
          63     1.35654     1.48124   0.0209201
          64     1.37819     1.47963   0.0206551
          65     1.38359     1.47815   0.0203901
          66     1.39837     1.47694   0.0201169
          67      1.4106     1.47595    0.019841
          68     1.41216     1.47502   0.0195714
          69     1.38685     1.47374   0.0193295
          70     1.39464     1.47261   0.0190863
          71     1.38616     1.47139   0.0188563
          72     1.36913     1.46997   0.0186478
          73     1.34144     1.46821   0.0184753
          74     1.32852     1.46632   0.0183218
          75     1.31498      1.4643   0.0181883
          76     1.31592     1.46235   0.0180535
          77     1.30035     1.46025   0.0179412
          78     1.30213     1.45822   0.0178253
          79     1.30836     1.45632   0.0177003
          80     1.32332     1.45466    0.017557
          81     1.33782     1.45322   0.0173994
          82        1.33     1.45172    0.017252
          83     1.32217     1.45015   0.0171146
          84     1.32086     1.44862   0.0169799
          85      1.3113       1.447   0.0168568
          86     1.31697     1.44549   0.0167285
          87      1.3274     1.44413   0.0165912
          88     1.33863     1.44293   0.0164459
          89     1.35557     1.44195   0.0162904
          90     1.34964     1.44092   0.0161416
          91      1.3297      1.4397   0.0160105
          92     1.33492     1.43856   0.0158769
          93     1.34119     1.43752   0.0157407
          94     1.33462     1.43642   0.0156112
          95     1.34448     1.43545   0.0154769
          96     1.33732     1.43443   0.0153494
          97      1.3203     1.43326   0.0152362
          98     1.30948     1.43199   0.0151329
          99     1.30536     1.43071   0.0150341
         100     1.33253     1.42973   0.0149157
         101     1.33262     1.42877    0.014799
         102     1.35123     1.42801   0.0146734
         103     1.34445      1.4272   0.0145534
         104     1.33813     1.42634   0.0144386
         105     1.33706     1.42549   0.0143261
         106     1.33122      1.4246   0.0142186
         107      1.3368     1.42378   0.0141093
         108     1.36155     1.42321   0.0139905
         109     1.35729      1.4226   0.0138752
         110     1.35828     1.42202   0.0137613
         111     1.35693     1.42143   0.0136499
         112     1.34222     1.42072   0.0135463
         113     1.32842     1.41991    0.013451
         114     1.31159     1.41896   0.0133665
         115     1.30378     1.41795   0.0132878
         116     1.31874      1.4171   0.0132007
         117     1.32431     1.41631   0.0131117
         118     1.33169     1.41559   0.0130202
         119     1.33748     1.41493   0.0129273
         120     1.33672     1.41428    0.012836
         121      1.3408     1.41367   0.0127443
         122     1.34316     1.41309   0.0126529
         123     1.35427     1.41262   0.0125591
         124      1.3387     1.41202   0.0124719
         125     1.33806     1.41143   0.0123862
         126     1.32431     1.41074   0.0123072
         127     1.32079     1.41003   0.0122306
         128     1.35335     1.40959   0.0121431
         129     1.37485     1.40932   0.0120519
         130      1.3666     1.40899   0.0119637
         131     1.36812     1.40868   0.0118764
         132     1.35204     1.40825   0.0117942
         133     1.34752     1.40779   0.0117144
         134     1.32848      1.4072   0.0116419
         135     1.30578     1.40645   0.0115799
         136     1.29139      1.4056   0.0115256
         137     1.29007     1.40476   0.0114723
         138     1.29242     1.40394    0.011418
         139     1.30889     1.40326   0.0113563
         140     1.34215     1.40282   0.0112836
         141     1.34098     1.40239   0.0112121
         142      1.3444     1.40198   0.0111405
         143     1.34783      1.4016   0.0110691
         144     1.32638     1.40108   0.0110045
         145     1.32405     1.40054   0.0109414
         146     1.32494     1.40003   0.0108787
         147     1.31209     1.39943   0.0108212
         148     1.30061     1.39876   0.0107686
         149     1.30979     1.39816   0.0107129
         150     1.33026     1.39771    0.010651
         151     1.31896     1.39719   0.0105933
         152     1.31506     1.39665   0.0105374
         153     1.30452     1.39605   0.0104857
         154      1.2952     1.39539    0.010438
         155     1.30735     1.39482   0.0103861
         156     1.31074     1.39429   0.0103335
         157     1.30157     1.39369   0.0102846
         158     1.29762     1.39309   0.0102374
         159     1.30548     1.39254   0.0101878
         160     1.32189     1.39209   0.0101337
         161     1.30771     1.39157   0.0100843
         162     1.31645     1.39111   0.0100327
         163     1.31202     1.39062  0.00998292
         164     1.32955     1.39025    0.009929
         165     1.33704     1.38993  0.00987405
         166     1.33245     1.38958  0.00982064
         167     1.33332     1.38924  0.00976761
         168     1.32421     1.38886  0.00971714
         169     1.33219     1.38852  0.00966543
         170     1.31213     1.38807  0.00961901
         171     1.29675     1.38754  0.00957758
         172     1.30468     1.38706    0.009534
         173      1.2937     1.38652  0.00949415
         174     1.30645     1.38606  0.00945073
         175     1.29334     1.38553  0.00941157
         176     1.27968     1.38492  0.00937729
         177     1.28247     1.38435  0.00934216
         178     1.26977      1.3837  0.00931182
         179     1.26077     1.38302  0.00928509
         180     1.25736     1.38232  0.00925971
         181     1.26425     1.38166   0.0092315
         182     1.27401     1.38107  0.00919971
         183     1.28899     1.38057  0.00916319
         184     1.29581     1.38011  0.00912496
         185     1.30619     1.37971  0.00908438
         186      1.2953     1.37926  0.00904687
         187     1.28726     1.37876  0.00901186
         188     1.27731     1.37822  0.00898007
         189     1.29275     1.37777  0.00894393
         190     1.28233     1.37727  0.00891095
         191     1.28329     1.37678  0.00887787
         192     1.27762     1.37626  0.00884664
         193     1.26635     1.37569  0.00881912
         194     1.27519     1.37517  0.00878886
         195     1.27549     1.37466  0.00875864
         196     1.29994     1.37428  0.00872225
         197      1.3043     1.37393   0.0086852
         198     1.30591     1.37358  0.00864813
         199     1.30281     1.37323  0.00861198
         200     1.31933     1.37296  0.00857314
         201     1.31623     1.37268  0.00853513
         202     1.30733     1.37235    0.008499
         203     1.32421     1.37211  0.00846044
         204     1.33799     1.37195  0.00842062
         205     1.31385     1.37166  0.00838431
         206     1.31333     1.37138  0.00834839
         207     1.30633     1.37107  0.00831398
         208      1.3227     1.37083  0.00827726
         209     1.31102     1.37055   0.0082426
         210     1.29538     1.37019  0.00821112
         211     1.29311     1.36982  0.00818032
         212     1.30385     1.36951  0.00814765
         213     1.29974     1.36919  0.00811599
         214     1.30455     1.36888  0.00808368
         215     1.31104     1.36861  0.00805056
         216     1.33082     1.36844  0.00801519
         217      1.3316     1.36827  0.00798005
         218     1.32912     1.36809  0.00794546
         219     1.32547      1.3679  0.00791156
         220     1.32018     1.36768  0.00787857
         221     1.33296     1.36752  0.00784449
         222     1.34853     1.36744  0.00780962
         223     1.34469     1.36733  0.00777527
         224     1.35647     1.36729  0.00774071
         225     1.35554     1.36723  0.00770648
         226     1.33217     1.36708  0.00767394
         227     1.29774     1.36677  0.00764621
         228     1.29029     1.36644  0.00762003
         229     1.27272     1.36603  0.00759774
         230     1.29209     1.36571   0.0075715
         231     1.31942     1.36551  0.00754138
         232      1.3278     1.36534  0.00751062
         233     1.31158     1.36511  0.00748193
         234     1.29343     1.36481  0.00745623
         235     1.28869     1.36448  0.00743153
         236     1.29897     1.36421  0.00740522
         237     1.30569     1.36396  0.00737809
         238     1.28319     1.36362  0.00735489
         239      1.2827     1.36328  0.00733191
         240     1.28093     1.36294  0.00730938
         241     1.27888     1.36259  0.00728737
         242      1.2637     1.36218   0.0072687
         243      1.2769     1.36183  0.00724726
         244      1.3193     1.36165  0.00721965
         245     1.31421     1.36146  0.00719278
         246     1.30112     1.36122  0.00716772
         247     1.30638     1.36099  0.00714214
         248      1.3133      1.3608  0.00711593
         249     1.31999     1.36064  0.00708924
         250     1.34063     1.36056  0.00706133
         251     1.37499     1.36062  0.00703344
         252     1.37285     1.36066  0.00700569
         253     1.36602     1.36068  0.00697803
         254     1.35112     1.36065  0.00695066
         255     1.35824     1.36064  0.00692341
         256     1.34826     1.36059  0.00689654
         257     1.31538     1.36041  0.00687194
         258      1.3061      1.3602  0.00684853
         259     1.31376     1.36002  0.00682444
         260     1.33814     1.35994  0.00679871
         261     1.35797     1.35993  0.00677266
         262     1.34147     1.35986  0.00674718
         263     1.31963     1.35971  0.00672326
         264      1.3195     1.35956  0.00669952
         265     1.32959     1.35944  0.00667519
         266     1.34151     1.35938  0.00665044
         267     1.32735     1.35926  0.00662661
         268     1.33036     1.35915  0.00660276
         269     1.33035     1.35904  0.00657908
         270     1.32369     1.35891  0.00655602
         271     1.33132     1.35881  0.00653262
         272     1.34094     1.35874  0.00650893
         273     1.32792     1.35863  0.00648607
         274     1.33522     1.35854  0.00646296
         275     1.33806     1.35847  0.00643989
         276     1.33309     1.35838  0.00641721
         277     1.30706     1.35819  0.00639672
         278     1.30688     1.35801  0.00637637
         279     1.32173     1.35788  0.00635484
         280     1.31622     1.35773  0.00633389
         281     1.29879     1.35752  0.00631482
         282     1.28909     1.35728  0.00629709
         283     1.29005     1.35704  0.00627932
         284     1.27191     1.35674  0.00626436
         285      1.2805     1.35647  0.00624808
         286     1.30309     1.35629  0.00622903
         287     1.32521     1.35618  0.00620826
         288     1.35773     1.35618  0.00618671
         289     1.39794     1.35633  0.00616699
         290     1.37971     1.35641  0.00614625
         291     1.34278     1.35636  0.00612531
         292     1.33333     1.35628  0.00610484
         293     1.34053     1.35623  0.00608424
         294     1.33876     1.35617  0.00606383
         295     1.34675     1.35614  0.00604336
         296     1.33697     1.35607  0.00602329
         297     1.31824     1.35594  0.00600436
         298     1.29369     1.35574  0.00598784
         299     1.28691     1.35551  0.00597224
         300     1.29268      1.3553    0.005956
         301     1.29557      1.3551  0.00593952
         302     1.29605      1.3549  0.00592307
         303     1.28421     1.35467  0.00590811
         304     1.29802     1.35448  0.00589162
         305     1.31796     1.35436  0.00587352
         306     1.32613     1.35427  0.00585505
         307     1.32252     1.35417  0.00583689
         308      1.3196     1.35405  0.00581902
         309     1.31811     1.35394  0.00580135
         310     1.31735     1.35382  0.00578384
         311     1.32562     1.35373  0.00576595
         312     1.31302      1.3536  0.00574894
         313     1.31176     1.35347  0.00573213
         314     1.31691     1.35335  0.00571506
         315     1.34411     1.35332  0.00569699
         316     1.34871     1.35331  0.00567898
         317     1.33513     1.35325  0.00566135
         318     1.30454     1.35309  0.00564562
         319     1.29119      1.3529  0.00563126
         320     1.28579     1.35269  0.00561756
         321     1.27173     1.35244  0.00560572
         322      1.2875     1.35224  0.00559194
         323     1.29868     1.35207  0.00557709
         324     1.31063     1.35194  0.00556134
         325     1.31687     1.35184  0.00554528
         326     1.30783      1.3517  0.00552991
         327     1.30438     1.35156  0.00551489
         328     1.30453     1.35141  0.00549994
         329     1.29721     1.35125  0.00548569
         330     1.28897     1.35106  0.00547231
         331     1.30671     1.35092  0.00545742
         332     1.32587     1.35085   0.0054415
         333     1.31676     1.35075  0.00542612
         334     1.31223     1.35063   0.0054111
         335     1.30322     1.35049   0.0053968
         336     1.29152     1.35031  0.00538359
         337     1.27496     1.35009  0.00537226
         338     1.26358     1.34984  0.00536246
         339     1.26548     1.34959  0.00535241
         340     1.27993     1.34938  0.00534059
         341     1.28525     1.34919  0.00532824
         342      1.2953     1.34904  0.00531499
         343     1.29941     1.34889  0.00530146
         344     1.30071     1.34875   0.0052879
         345     1.27728     1.34854  0.00527663
         346     1.28769     1.34837  0.00526431
         347     1.30363     1.34824  0.00525072
         348     1.32172     1.34816  0.00523618
         349     1.33189     1.34812  0.00522139
         350     1.32625     1.34805  0.00520684
         351     1.34455     1.34804  0.00519202
         352     1.34188     1.34803   0.0051773
         353     1.35466     1.34804  0.00516266
         354     1.35514     1.34806  0.00514812
         355     1.35013     1.34807  0.00513362
         356     1.35369     1.34809  0.00511922
         357     1.34888     1.34809  0.00510489
         358     1.34368     1.34808  0.00509064
         359     1.31779     1.34799  0.00507716
         360     1.31854     1.34791  0.00506372
         361     1.32255     1.34784  0.00505018
         362     1.32738     1.34778  0.00503654
         363      1.3155     1.34769  0.00502345
         364     1.29973     1.34756  0.00501138
         365      1.2926     1.34741  0.00499991
         366     1.30716      1.3473  0.00498746
         367     1.32025     1.34723  0.00497441
         368     1.32572     1.34717  0.00496124
         369     1.31819     1.34709  0.00494842
         370     1.30297     1.34697  0.00493648
         371     1.31042     1.34687  0.00492416
         372     1.30836     1.34677  0.00491201
         373     1.31185     1.34668  0.00489973
         374     1.32585     1.34662  0.00488695
         375     1.31655     1.34654  0.00487457
         376     1.31972     1.34647  0.00486213
         377     1.33111     1.34643   0.0048494
         378     1.33342     1.34639   0.0048367
         379     1.35563     1.34642    0.004824
         380     1.33635     1.34639  0.00481138
         381     1.32714     1.34634  0.00479901
         382     1.30994     1.34625   0.0047874
         383     1.31091     1.34615  0.00477579
         384     1.30293     1.34604  0.00476467
         385     1.29081      1.3459  0.00475446
         386     1.28627     1.34574  0.00474465
         387     1.29235     1.34561  0.00473439
         388     1.28825     1.34546   0.0047245
         389     1.29518     1.34533  0.00471412
         390     1.31385     1.34525  0.00470273
         391     1.30692     1.34515  0.00469172
         392     1.30868     1.34506  0.00468067
         393     1.30315     1.34495  0.00466998
         394     1.32601      1.3449  0.00465837
         395     1.33887     1.34489   0.0046466
         396     1.33547     1.34486  0.00463493
         397     1.32247     1.34481   0.0046236
         398     1.30324      1.3447  0.00461316
         399     1.29444     1.34458  0.00460332
         400     1.30605     1.34448  0.00459282
         401     1.30763     1.34439  0.00458228
         402      1.3097      1.3443   0.0045717
         403     1.29903     1.34419  0.00456173
         404     1.28678     1.34405  0.00455265
         405     1.26748     1.34386  0.00454534
         406     1.26558     1.34367  0.00453823
         407      1.2821     1.34351   0.0045296
         408     1.29295     1.34339  0.00452019
         409     1.28084     1.34324  0.00451173
         410     1.27369     1.34307  0.00450391
         411     1.28518     1.34293  0.00449515
         412     1.27057     1.34275  0.00448767
         413     1.27776     1.34259  0.00447957
         414     1.28963     1.34247  0.00447057
         415     1.28543     1.34233  0.00446191
         416     1.28023     1.34218  0.00445368
         417     1.30234     1.34208  0.00444403
         418      1.3331     1.34206  0.00443345
         419     1.35233     1.34209  0.00442293
         420     1.34708      1.3421  0.00441242
         421     1.34769     1.34211  0.00440196
         422     1.32311     1.34207  0.00439176
         423     1.32312     1.34202   0.0043816
         424     1.34382     1.34203  0.00437127
         425     1.33552     1.34201  0.00436101
         426     1.34094     1.34201  0.00435078
         427     1.33663       1.342  0.00434061
         428     1.32279     1.34195   0.0043307
         429     1.30242     1.34186  0.00432158
         430     1.30328     1.34177  0.00431246
         431     1.29205     1.34165    0.004304
         432      1.3218     1.34161  0.00429428
         433      1.3427     1.34161  0.00428436
         434     1.35609     1.34164  0.00427462
         435     1.34803     1.34166  0.00426482
         436     1.33733     1.34165  0.00425505
         437     1.31938      1.3416  0.00424562
         438     1.29256     1.34149   0.0042374
         439     1.27998     1.34135  0.00423007
         440     1.29883     1.34125  0.00422155
         441     1.31688     1.34119  0.00421234
         442     1.32521     1.34116  0.00420297
         443     1.32199     1.34111   0.0041937
         444     1.31746     1.34106   0.0041846
         445     1.30387     1.34098  0.00417603
         446     1.29972     1.34088  0.00416769
         447     1.28255     1.34075  0.00416041
         448     1.26997      1.3406  0.00415412
         449     1.27123     1.34044  0.00414774
         450     1.28222     1.34031  0.00414054
         451     1.28515     1.34019  0.00413317
         452     1.27273     1.34004  0.00412672
         453     1.28168     1.33991  0.00411962
         454     1.30069     1.33983  0.00411145
         455     1.31048     1.33976  0.00410292
         456     1.30368     1.33968  0.00409468
         457     1.29619     1.33959  0.00408683
         458     1.30269     1.33951   0.0040787
         459     1.31864     1.33946  0.00407007
         460     1.31997     1.33942  0.00406144
         461      1.3193     1.33937  0.00405286
         462     1.31442     1.33932  0.00404445
         463     1.31547     1.33927  0.00403604
         464     1.32198     1.33923  0.00402752
         465     1.32643      1.3392  0.00401895
         466     1.31767     1.33916  0.00401059
         467     1.32401     1.33913  0.00400214
         468     1.34701     1.33914  0.00399362
         469     1.35659     1.33918  0.00398528
         470     1.34202     1.33919   0.0039768
         471     1.32733     1.33916  0.00396844
         472     1.32107     1.33912  0.00396022
         473     1.30785     1.33906   0.0039524
         474     1.32917     1.33904  0.00394411
         475     1.34502     1.33905  0.00393583
         476     1.36284      1.3391  0.00392788
         477     1.34923     1.33912   0.0039197
         478     1.34307     1.33913  0.00391151
         479     1.34645     1.33914  0.00390337
         480     1.33717     1.33914  0.00389524
         481     1.31444     1.33909  0.00388748
         482     1.29597       1.339  0.00388045
         483      1.3055     1.33893  0.00387303
         484     1.29783     1.33884  0.00386596
         485     1.31019     1.33878  0.00385844
         486     1.31767     1.33874  0.00385075
         487      1.3169      1.3387   0.0038431
         488     1.31651     1.33865  0.00383549
         489     1.31932     1.33861  0.00382786
         490     1.30046     1.33853  0.00382083
         491     1.30303     1.33846  0.00381374
         492     1.31449     1.33841   0.0038063
         493      1.3292     1.33839  0.00379862
         494     1.33795     1.33839  0.00379093
         495     1.34357      1.3384  0.00378329
         496      1.3333     1.33839  0.00377568
         497     1.32811     1.33837  0.00376813
         498      1.3039      1.3383   0.0037612
         499     1.28023     1.33819  0.00375547
         500     1.27562     1.33806  0.00375004
