#     BLOCK:   ACTUAL_KE:    KE_AVE:      ERROR:
           1     1.91343     1.91343           0
           2     1.92034     1.91689  0.00244385
           3     1.95585     1.92987    0.010729
           4     1.99217     1.94545   0.0157057
           5     1.99994     1.95635   0.0159029
           6     2.01535     1.96618   0.0160068
           7     2.00693       1.972   0.0147406
           8      1.9938     1.97473   0.0131474
           9     1.97174      1.9744   0.0116908
          10     1.95454     1.97241    0.010689
          11     1.95069     1.97044  0.00989794
          12     1.97897     1.97115  0.00909864
          13     1.97477     1.97143  0.00840301
          14     1.97535     1.97171  0.00780747
          15     1.97651     1.97203  0.00729354
          16     1.96528     1.97161  0.00684985
          17     1.94674     1.97014  0.00660125
          18     1.95826     1.96948  0.00626746
          19     1.94395     1.96814  0.00607997
          20     1.97167     1.96831  0.00577853
          21     2.00575      1.9701  0.00577178
          22     2.01968     1.97235  0.00593319
          23      2.0146     1.97419  0.00595284
          24     2.02385     1.97626  0.00605377
          25     2.04425     1.97898  0.00639348
          26     2.01753     1.98046  0.00631722
          27     1.99376     1.98095  0.00610241
          28     1.96177     1.98027  0.00592281
          29      1.9816     1.98031  0.00571875
          30       1.991     1.98067   0.0055392
          31     2.01303     1.98171  0.00545798
          32     2.03489     1.98338  0.00553458
          33     2.02052      1.9845   0.0054801
          34     1.98602     1.98455   0.0053191
          35      1.9765     1.98432   0.0051721
          36     1.98965     1.98446  0.00503055
          37     1.98297     1.98442  0.00489475
          38     1.97321     1.98413  0.00477483
          39     1.97163     1.98381  0.00466314
          40     1.97895     1.98369  0.00454814
          41     1.97996      1.9836  0.00443812
          42     1.97796     1.98346  0.00433448
          43     1.95403     1.98278  0.00428737
          44     1.94428      1.9819  0.00427826
          45     1.95552     1.98132  0.00422315
          46     1.96571     1.98098  0.00414494
          47     1.95103     1.98034  0.00410542
          48     1.92251     1.97913  0.00419292
          49     1.90909     1.97771  0.00434421
          50     1.92773     1.97671  0.00437079
          51     1.92333     1.97566  0.00440863
          52     1.90684     1.97434  0.00451812
          53     1.90496     1.97303  0.00461859
          54     1.92383     1.97212  0.00462203
          55     1.94958     1.97171  0.00455612
          56     1.95581     1.97142   0.0044836
          57     1.97619     1.97151  0.00440572
          58     1.98299      1.9717   0.0043342
          59     1.98781     1.97198  0.00426933
          60     1.97529     1.97203  0.00419853
          61     1.94823     1.97164   0.0041478
          62     1.91998     1.97081  0.00416376
          63     1.93886      1.9703  0.00412844
          64     1.97908     1.97044  0.00406621
          65     2.00592     1.97098  0.00404013
          66      2.0223     1.97176  0.00405304
          67     2.03425     1.97269  0.00409845
          68     2.01381      1.9733  0.00408253
          69     1.98289     1.97344  0.00402573
          70     1.93816     1.97293  0.00399964
          71     1.95346     1.97266   0.0039527
          72     1.95012     1.97235  0.00391018
          73      1.9797     1.97245  0.00385792
          74     2.00334     1.97286   0.0038283
          75     2.01621     1.97344  0.00382064
          76     2.00432     1.97385  0.00379192
          77     2.01138     1.97434  0.00377387
          78     1.96894     1.97427  0.00372613
          79     1.95376     1.97401  0.00368799
          80     1.98104      1.9741  0.00364294
          81      2.0025     1.97445  0.00361481
          82     2.00356      1.9748  0.00358811
          83     1.96172     1.97464  0.00354835
          84     1.93485     1.97417  0.00353758
          85     1.91253     1.97344  0.00356952
          86      1.9186     1.97281  0.00358453
          87     1.90853     1.97207  0.00361865
          88     1.90674     1.97133  0.00365288
          89     1.90086     1.97053  0.00369664
          90     1.91334      1.9699  0.00370979
          91     1.90402     1.96917  0.00373899
          92     1.91727     1.96861  0.00374067
          93     1.94664     1.96837   0.0037079
          94     1.99372     1.96864  0.00367824
          95     1.99149     1.96888  0.00364738
          96     2.00733     1.96929  0.00363131
          97     2.00285     1.96963  0.00361032
          98     1.99219     1.96986  0.00358081
          99     1.96612     1.96982  0.00354484
         100     1.96095     1.96973   0.0035105
         101     1.95656      1.9696  0.00347816
         102     1.92599     1.96918  0.00347025
         103     1.93903     1.96888  0.00344887
         104     1.95782     1.96878  0.00341735
         105     1.95943     1.96869  0.00338597
         106     1.97727     1.96877  0.00335499
         107     1.97277     1.96881  0.00332384
         108      1.9919     1.96902  0.00329994
         109     2.02105      1.9695  0.00330401
         110     2.04011     1.97014  0.00333575
         111     2.03594     1.97073  0.00335797
         112     2.06692     1.97159  0.00343606
         113     2.05167      1.9723  0.00347796
         114     2.06446     1.97311  0.00354015
         115     2.05685     1.97384  0.00358347
         116     2.03382     1.97435   0.0035897
         117     2.02178     1.97476  0.00358184
         118     1.97923      1.9748  0.00355168
         119      1.9483     1.97457  0.00352881
         120     1.96142     1.97447  0.00350111
         121     1.96039     1.97435   0.0034741
         122     1.95811     1.97422  0.00344817
         123     1.96847     1.97417  0.00342046
         124     1.98205     1.97423  0.00339346
         125     1.98962     1.97436  0.00336855
         126     2.03027      1.9748  0.00337091
         127     2.05593     1.97544  0.00340437
         128     2.04115     1.97595  0.00341625
         129     2.00326     1.97616  0.00339632
         130     1.99454      1.9763  0.00337314
         131     1.96554     1.97622  0.00334839
         132     1.93507     1.97591   0.0033375
         133     1.92539     1.97553  0.00333395
         134     1.94913     1.97533  0.00331489
         135     1.94757     1.97513  0.00329671
         136     1.96127     1.97503  0.00327404
         137     1.98329     1.97509   0.0032507
         138     1.99987     1.97527   0.0032321
         139     2.01203     1.97553  0.00321965
         140     1.99747     1.97569  0.00320047
         141     2.01428     1.97596  0.00318945
         142     2.00803     1.97619  0.00317497
         143     1.99683     1.97633  0.00315605
         144     1.98723     1.97641  0.00313504
         145     2.00418      1.9766  0.00311927
         146     2.00314     1.97678   0.0031032
         147      2.0158     1.97705  0.00309342
         148     1.98922     1.97713  0.00307361
         149       1.955     1.97698  0.00305657
         150     1.97248     1.97695  0.00303634
         151     1.99334     1.97706  0.00301817
         152     1.99648     1.97719  0.00300102
         153     1.96002     1.97707   0.0029835
         154     1.93298     1.97679  0.00297784
         155     1.92771     1.97647  0.00297541
         156      1.9432     1.97626  0.00296397
         157      1.9553     1.97612  0.00294809
         158     1.95033     1.97596  0.00293395
         159      1.9672     1.97591  0.00291601
         160     1.97385     1.97589  0.00289782
         161     2.00182     1.97605  0.00288429
         162     1.98797     1.97613  0.00286743
         163     1.94889     1.97596   0.0028547
         164     1.94623     1.97578  0.00284304
         165     1.92436     1.97547  0.00284284
         166     1.91227     1.97509  0.00285109
         167     1.89805     1.97463   0.0028711
         168     1.90701     1.97422  0.00288208
         169     1.92564     1.97394  0.00287933
         170     1.93233     1.97369  0.00287277
         171     1.92941     1.97343  0.00286762
         172     1.93731     1.97322  0.00285863
         173     1.91138     1.97286  0.00286436
         174     1.95928     1.97279  0.00284896
         175     1.95978     1.97271  0.00283365
         176     1.96453     1.97267  0.00281793
         177     1.98381     1.97273  0.00280272
         178     2.04645     1.97314   0.0028174
         179     2.02882     1.97345  0.00281878
         180     1.99272     1.97356  0.00280516
         181     1.98732     1.97364  0.00279069
         182     2.03579     1.97398  0.00279617
         183      2.0496     1.97439  0.00281127
         184     2.00457     1.97456  0.00280077
         185     1.97992     1.97458  0.00278578
         186     1.99502     1.97469  0.00277297
         187     1.98276     1.97474  0.00275847
         188     1.96287     1.97467  0.00274452
         189     1.94038     1.97449  0.00273599
         190     1.93378     1.97428  0.00272997
         191     1.93838     1.97409  0.00272214
         192       1.992     1.97418  0.00270956
         193     2.00207     1.97433  0.00269937
         194     1.99658     1.97444  0.00268789
         195     1.98501      1.9745  0.00267465
         196     1.97299     1.97449  0.00266102
         197     1.96326     1.97443  0.00264812
         198     1.96525     1.97439  0.00263515
         199     1.95566     1.97429  0.00262359
         200     1.97252     1.97428  0.00261048
         201     1.96614     1.97424  0.00259781
         202      1.9432     1.97409  0.00258949
         203     1.93542      1.9739  0.00258373
         204     1.95032     1.97378  0.00257365
         205     1.96784     1.97375  0.00256126
         206     1.97546     1.97376  0.00254884
         207     1.99668     1.97387  0.00253893
         208     1.98323     1.97392  0.00252712
         209     1.94581     1.97378  0.00251861
         210     1.92739     1.97356  0.00251628
         211     1.94641     1.97343  0.00250765
         212      1.9649     1.97339  0.00249614
         213     1.94002     1.97324  0.00248934
         214     1.91482     1.97296  0.00249263
         215      1.8913     1.97258  0.00250981
         216     1.89842     1.97224  0.00252157
         217     1.95272     1.97215  0.00251155
         218     1.98566     1.97221  0.00250079
         219     1.99809     1.97233  0.00249216
         220     1.98111     1.97237  0.00248115
         221     1.98341     1.97242  0.00247043
         222     1.95056     1.97232  0.00246126
         223     1.96624      1.9723  0.00245038
         224      1.9773     1.97232  0.00243954
         225     1.98003     1.97235  0.00242894
         226     1.98351      1.9724  0.00241869
         227     2.00222     1.97253   0.0024116
         228     2.00705     1.97268  0.00240577
         229     2.01668     1.97288  0.00240293
         230     1.99175     1.97296  0.00239388
         231     1.99116     1.97304  0.00238481
         232     1.99052     1.97311  0.00237573
         233     1.99131     1.97319  0.00236681
         234      1.9827     1.97323  0.00235705
         235     1.97837     1.97325  0.00234712
         236     1.98554      1.9733  0.00233775
         237     1.99094     1.97338  0.00232907
         238     1.98043     1.97341  0.00231947
         239     1.97912     1.97343  0.00230989
         240     1.98556     1.97348  0.00230082
         241     1.98607     1.97354  0.00229186
         242     1.98617     1.97359  0.00228299
         243     1.98007     1.97361  0.00227375
         244     1.99996     1.97372  0.00226699
         245     2.02812     1.97394  0.00226859
         246     2.02188     1.97414  0.00226772
         247     2.01226     1.97429  0.00226378
         248     2.01319     1.97445  0.00226008
         249     2.01051      1.9746  0.00225564
         250     1.98443     1.97463  0.00224696
         251     2.01862     1.97481  0.00224483
         252     2.04314     1.97508  0.00225224
         253     2.04483     1.97536  0.00226014
         254     2.03781      1.9756  0.00226458
         255      2.0317     1.97582  0.00226636
         256      2.0292     1.97603  0.00226708
         257     2.03143     1.97625  0.00226848
         258     2.00511     1.97636  0.00226245
         259     1.99284     1.97642  0.00225461
         260     1.98076     1.97644    0.002246
         261     1.96206     1.97638  0.00223807
         262     1.97769     1.97639  0.00222953
         263     1.97757     1.97639  0.00222106
         264      1.9569     1.97632  0.00221387
         265     1.96426     1.97627  0.00220598
         266     2.02797     1.97647  0.00220624
         267      2.0432     1.97672  0.00221209
         268      2.0469     1.97698  0.00221928
         269     2.06078     1.97729  0.00223279
         270     2.05982      1.9776  0.00224534
         271     2.01689     1.97774  0.00224173
         272     2.02318     1.97791  0.00223971
         273     2.02322     1.97808  0.00223765
         274     1.99521     1.97814  0.00223035
         275     1.96003     1.97807  0.00222321
         276     1.93807     1.97793  0.00221988
         277     1.94188      1.9778  0.00221567
         278     1.95725     1.97772  0.00220894
         279     1.94065     1.97759  0.00220501
         280     1.91986     1.97738  0.00220676
         281     1.92669      1.9772  0.00220627
         282     1.94588     1.97709  0.00220124
         283     1.97286     1.97708  0.00219351
         284      2.0294     1.97726  0.00219351
         285     2.02239     1.97742  0.00219152
         286     1.99035     1.97747  0.00218432
         287     1.95653     1.97739  0.00217793
         288     1.96478     1.97735  0.00217081
         289     1.97586     1.97734   0.0021633
         290     1.99113     1.97739  0.00215636
         291     1.96496     1.97735  0.00214938
         292     1.91356     1.97713  0.00215309
         293     1.91422     1.97691  0.00215642
         294     1.91344      1.9767  0.00215986
         295     1.94297     1.97658  0.00215556
         296     1.94842     1.97649  0.00215038
         297     1.95995     1.97643  0.00214386
         298     1.99508      1.9765  0.00213758
         299     2.01828     1.97664  0.00213499
         300     1.99919     1.97671   0.0021292
         301     2.00428      1.9768   0.0021241
         302      1.9834     1.97682  0.00211717
         303     2.00068      1.9769  0.00211165
         304     2.01551     1.97703  0.00210852
         305     2.05034     1.97727  0.00211526
         306     2.03998     1.97748  0.00211825
         307     2.04674      1.9777  0.00212334
         308     2.02102     1.97784   0.0021211
         309     2.02685       1.978  0.00212015
         310     1.97972     1.97801  0.00211332
         311     1.99309     1.97805  0.00210708
         312     2.01753     1.97818  0.00210412
         313     2.02383     1.97833  0.00210245
         314     1.99251     1.97837  0.00209624
         315     1.97382     1.97836  0.00208963
         316     1.94789     1.97826  0.00208524
         317     1.91969     1.97808  0.00208684
         318     1.92181      1.9779  0.00208776
         319     1.92362     1.97773  0.00208814
         320     1.97412     1.97772  0.00208165
         321     1.99005     1.97776  0.00207551
         322     1.99946     1.97782  0.00207016
         323     1.95833     1.97776  0.00206463
         324     1.93033     1.97762  0.00206344
         325     1.94509     1.97752  0.00205952
         326     1.97647     1.97751  0.00205321
         327     1.97065     1.97749  0.00204703
         328     1.95329     1.97742  0.00204212
         329     1.92331     1.97725  0.00204253
         330     1.91967     1.97708  0.00204378
         331     1.94395     1.97698  0.00204005
         332       1.936     1.97686  0.00203764
         333     1.89573     1.97661  0.00204603
         334     1.90219     1.97639    0.002052
         335     1.93284     1.97626  0.00204999
         336     1.92699     1.97611  0.00204913
         337      1.9403     1.97601   0.0020458
         338     1.93004     1.97587  0.00204426
         339     1.92297     1.97572  0.00204418
         340     1.91811     1.97555  0.00204518
         341     1.91915     1.97538  0.00204586
         342     1.90901     1.97519  0.00204906
         343     1.90444     1.97498  0.00205344
         344     1.91127      1.9748   0.0020558
         345      1.8951     1.97456  0.00206278
         346     1.88813     1.97431  0.00207189
         347     1.86669       1.974  0.00208901
         348     1.86971      1.9737  0.00210439
         349     1.87736     1.97343  0.00211639
         350     1.89465      1.9732  0.00212228
         351     1.90895     1.97302  0.00212411
         352     1.95254     1.97296  0.00211887
         353     1.98412     1.97299  0.00211311
         354       1.973     1.97299  0.00210714
         355     1.94594     1.97292  0.00210258
         356     1.93029      1.9728  0.00210008
         357     1.92908     1.97268  0.00209776
         358     1.95093     1.97261  0.00209278
         359     1.96494     1.97259  0.00208706
         360     1.97285     1.97259  0.00208127
         361     1.97011     1.97259  0.00207551
         362     1.97973     1.97261  0.00206987
         363     1.99408     1.97267  0.00206502
         364     1.97274     1.97267  0.00205934
         365     1.97713     1.97268  0.00205374
         366     1.94732     1.97261  0.00204929
         367     1.93767     1.97251  0.00204592
         368     1.96221     1.97249  0.00204055
         369     1.97663      1.9725  0.00203505
         370     2.00855     1.97259  0.00203188
         371      1.9984     1.97266   0.0020276
         372     1.98127     1.97269  0.00202228
         373     1.96116     1.97266  0.00201709
         374     1.98277     1.97268  0.00201188
         375     1.97398     1.97269  0.00200652
         376      1.9708     1.97268  0.00200119
         377     1.95818     1.97264  0.00199625
         378     1.94548     1.97257  0.00199226
         379     1.94839     1.97251  0.00198803
         380     1.91304     1.97235  0.00198895
         381     1.90529     1.97218   0.0019915
         382     1.91957     1.97204  0.00199104
         383     1.94394     1.97196  0.00198719
         384     1.94506     1.97189  0.00198325
         385     1.91637     1.97175  0.00198334
         386      1.8658     1.97148   0.0019971
         387     1.84695     1.97115   0.0020177
         388     1.86354     1.97088  0.00203147
         389     1.91414     1.97073  0.00203148
         390     1.96156     1.97071   0.0020264
         391     1.95155     1.97066  0.00202181
         392     1.95209     1.97061  0.00201721
         393     1.96099     1.97059  0.00201223
         394     1.94815     1.97053  0.00200792
         395     1.94312     1.97046  0.00200404
         396     1.93525     1.97037  0.00200095
         397     1.94293      1.9703   0.0019971
         398     1.92304     1.97018  0.00199561
         399     1.91727     1.97005  0.00199501
         400     1.93179     1.96995  0.00199232
         401     1.95143     1.96991  0.00198788
         402     1.95466     1.96987   0.0019833
         403     1.93569     1.96979  0.00198019
         404     1.90982     1.96964  0.00198085
         405     1.92477     1.96953  0.00197905
         406     1.95348     1.96949  0.00197457
         407     1.98662     1.96953  0.00197017
         408     1.99172     1.96958  0.00196609
         409     1.99151     1.96964  0.00196201
         410     1.99776     1.96971  0.00195843
         411     1.99824     1.96978  0.00195489
         412     2.01857     1.96989  0.00195373
         413     2.03045     1.97004   0.0019545
         414     2.03407     1.97019  0.00195588
         415     2.01495      1.9703  0.00195414
         416     2.00845     1.97039   0.0019516
         417       1.979     1.97041  0.00194702
         418     1.95641     1.97038  0.00194265
         419      1.9301     1.97029   0.0019404
         420     1.94103     1.97022  0.00193703
         421     1.96637     1.97021  0.00193245
         422     1.99107     1.97026   0.0019285
         423     1.96695     1.97025  0.00192396
         424      1.9356     1.97017  0.00192115
         425     1.94479     1.97011  0.00191756
         426     1.96254     1.97009  0.00191314
         427     1.96317     1.97007  0.00190873
         428     1.96093     1.97005  0.00190439
         429     1.99192      1.9701  0.00190063
         430     2.01564     1.97021  0.00189916
         431     2.03571     1.97036  0.00190083
         432     2.04968     1.97054  0.00190527
         433     2.01571     1.97065  0.00190372
         434     2.00457     1.97073  0.00190094
         435     2.00272      1.9708  0.00189799
         436      2.0231     1.97092  0.00189743
         437     2.02481     1.97104  0.00189709
         438     2.01184     1.97114  0.00189504
         439     2.02499     1.97126  0.00189469
         440     2.01782     1.97136  0.00189334
         441     2.00666     1.97144  0.00189074
         442     1.96326     1.97143  0.00188655
         443     1.97368     1.97143   0.0018823
         444     1.96826     1.97142  0.00187807
         445     1.94317     1.97136  0.00187493
         446     1.95569     1.97133  0.00187105
         447     1.97117     1.97133  0.00186686
         448     1.95543     1.97129  0.00186304
         449     1.92219     1.97118  0.00186209
         450     1.88012     1.97098  0.00186892
         451     1.92047     1.97087  0.00186813
         452     1.95103     1.97082  0.00186451
         453      1.9632     1.97081  0.00186047
         454     1.95955     1.97078  0.00185654
         455     1.93847     1.97071  0.00185381
         456      1.9332     1.97063  0.00185157
         457     1.91087      1.9705  0.00185213
         458      1.9256      1.9704  0.00185068
         459     1.92103     1.97029  0.00184977
         460     1.94594     1.97024  0.00184651
         461     1.95316      1.9702  0.00184287
         462     1.95363     1.97017  0.00183923
         463     1.96456     1.97015   0.0018353
         464     1.94993     1.97011  0.00183186
         465     1.95512     1.97008  0.00182821
         466      1.9428     1.97002  0.00182522
         467     1.97714     1.97003  0.00182138
         468     1.98838     1.97007  0.00181791
         469     2.00282     1.97014  0.00181537
         470      1.9944     1.97019  0.00181224
         471     1.97188      1.9702   0.0018084
         472     1.96303     1.97018  0.00180463
         473      1.9502     1.97014  0.00180131
         474     1.92119     1.97004  0.00180047
         475      1.8997     1.96989  0.00180276
         476     1.93728     1.96982  0.00180027
         477     1.97306     1.96983  0.00179651
         478     1.96883     1.96983  0.00179275
         479     1.95221     1.96979  0.00178939
         480     1.95805     1.96976  0.00178583
         481     1.98403     1.96979  0.00178236
         482     1.98731     1.96983  0.00177903
         483     1.99973     1.96989  0.00177642
         484     1.98859     1.96993  0.00177317
         485     1.97825     1.96995   0.0017696
         486     1.99427        1.97  0.00176667
         487     1.98572     1.97003  0.00176334
         488      1.9979     1.97009  0.00176065
         489     1.98464     1.97012   0.0017573
         490     1.98763     1.97015  0.00175407
         491     1.95991     1.97013  0.00175063
         492     1.98504     1.97016  0.00174733
         493     1.99623     1.97022  0.00174459
         494     1.97198     1.97022  0.00174106
         495      1.9862     1.97025  0.00173784
         496     1.95369     1.97022  0.00173466
         497     1.89765     1.97007   0.0017373
         498     1.87751     1.96989  0.00174373
         499     1.90597     1.96976  0.00174493
         500     1.95703     1.96973  0.00174163
