#     BLOCK:   ACTUAL_TE:    TE_AVE:      ERROR:
           1     1.59662     1.59662           0
           2     1.59664     1.59663 7.94535e-06
           3     1.59608     1.59645 0.000149272
           4     1.59632     1.59641 0.000115447
           5     1.59598     1.59633 0.000120623
           6     1.59664     1.59638  0.00011143
           7     1.59666     1.59642 0.000102511
           8      1.5964     1.59642 8.97224e-05
           9     1.59681     1.59646 8.95005e-05
          10     1.59669     1.59648 8.33871e-05
          11     1.59621     1.59646 7.95438e-05
          12     1.59646     1.59646 7.29154e-05
          13     1.59679     1.59648 7.17334e-05
          14     1.59642     1.59648 6.67667e-05
          15     1.59662     1.59649 6.29487e-05
          16     1.59651     1.59649 5.90273e-05
          17     1.59694     1.59652 6.12757e-05
          18     1.59639     1.59651 5.83076e-05
          19     1.59617     1.59649 5.78501e-05
          20     1.59668      1.5965 5.56844e-05
          21     1.59608     1.59648 5.65261e-05
          22     1.59729     1.59652 6.47344e-05
          23     1.59646     1.59652 6.19682e-05
          24      1.5962      1.5965 6.07992e-05
          25     1.59682     1.59652 5.97061e-05
          26     1.59681     1.59653 5.84776e-05
          27     1.59706     1.59655 5.95595e-05
          28     1.59668     1.59655 5.76349e-05
          29     1.59653     1.59655 5.56541e-05
          30     1.59622     1.59654 5.48861e-05
          31     1.59653     1.59654 5.31169e-05
          32     1.59691     1.59655 5.27183e-05
          33     1.59671     1.59656 5.13324e-05
          34     1.59727     1.59658 5.40023e-05
          35      1.5962     1.59657 5.35348e-05
          36     1.59614     1.59655 5.33219e-05
          37     1.59722     1.59657 5.48488e-05
          38     1.59656     1.59657 5.34069e-05
          39     1.59709     1.59658 5.36371e-05
          40      1.5959     1.59657 5.49352e-05
          41     1.59683     1.59657 5.39798e-05
          42     1.59653     1.59657 5.27035e-05
          43     1.59674     1.59658 5.16273e-05
          44     1.59668     1.59658 5.05081e-05
          45     1.59669     1.59658 4.94412e-05
          46     1.59663     1.59658 4.83753e-05
          47     1.59696     1.59659 4.79982e-05
          48      1.5968      1.5966 4.71912e-05
          49     1.59688      1.5966 4.65892e-05
          50     1.59624     1.59659 4.62118e-05
          51     1.59673      1.5966 4.53875e-05
          52     1.59686      1.5966 4.47958e-05
          53     1.59683     1.59661 4.41543e-05
          54     1.59634      1.5966 4.36153e-05
          55     1.59651      1.5966 4.28569e-05
          56      1.5966      1.5966 4.20916e-05
          57     1.59693      1.5966 4.17613e-05
          58     1.59651      1.5966 4.10722e-05
          59     1.59687     1.59661 4.06151e-05
          60      1.5967     1.59661 3.99703e-05
          61      1.5972     1.59662 4.04534e-05
          62     1.59682     1.59662 3.99265e-05
          63     1.59636     1.59662  3.9514e-05
          64     1.59693     1.59662 3.91902e-05
          65     1.59626     1.59662 3.89744e-05
          66     1.59647     1.59662 3.84487e-05
          67     1.59695     1.59662 3.82017e-05
          68     1.59642     1.59662 3.77512e-05
          69     1.59735     1.59663 3.86585e-05
          70     1.59682     1.59663 3.82014e-05
          71     1.59631     1.59663 3.79318e-05
          72     1.59654     1.59662 3.74245e-05
          73     1.59662     1.59662 3.69119e-05
          74     1.59645     1.59662 3.64865e-05
          75     1.59647     1.59662  3.6057e-05
          76      1.5969     1.59662 3.57735e-05
          77     1.59638     1.59662 3.54442e-05
          78     1.59706     1.59663 3.54366e-05
          79     1.59658     1.59663 3.49933e-05
          80     1.59593     1.59662 3.56244e-05
          81     1.59675     1.59662 3.52238e-05
          82     1.59668     1.59662 3.48026e-05
          83     1.59723     1.59663 3.51445e-05
          84     1.59693     1.59663 3.49162e-05
          85     1.59681     1.59663 3.45726e-05
          86     1.59654     1.59663  3.4186e-05
          87     1.59662     1.59663 3.37933e-05
          88     1.59672     1.59663 3.34231e-05
          89     1.59627     1.59663 3.32926e-05
          90     1.59677     1.59663 3.29593e-05
          91     1.59653     1.59663 3.26147e-05
          92     1.59677     1.59663 3.22942e-05
          93     1.59583     1.59662 3.30837e-05
          94      1.5966     1.59662 3.27324e-05
          95      1.5966     1.59662 3.23888e-05
          96     1.59612     1.59662 3.24718e-05
          97     1.59682     1.59662 3.22053e-05
          98       1.597     1.59662 3.21101e-05
          99     1.59631     1.59662 3.19397e-05
         100     1.59715     1.59662 3.20511e-05
         101     1.59634     1.59662 3.18567e-05
         102     1.59663     1.59662 3.15444e-05
         103     1.59675     1.59662 3.12635e-05
         104     1.59604     1.59662  3.1458e-05
         105     1.59617     1.59661 3.14426e-05
         106     1.59654     1.59661 3.11545e-05
         107     1.59641     1.59661 3.09191e-05
         108     1.59629     1.59661 3.07715e-05
         109     1.59612      1.5966  3.0806e-05
         110     1.59618      1.5966   3.077e-05
         111     1.59632      1.5966 3.05985e-05
         112     1.59625     1.59659 3.04824e-05
         113     1.59625     1.59659 3.03597e-05
         114     1.59628     1.59659 3.02148e-05
         115     1.59652     1.59659 2.99577e-05
         116     1.59702     1.59659 2.99344e-05
         117     1.59621     1.59659 2.98582e-05
         118      1.5971     1.59659 2.99198e-05
         119     1.59695     1.59659 2.98193e-05
         120     1.59616     1.59659 2.97899e-05
         121     1.59693     1.59659 2.96711e-05
         122     1.59587     1.59659 3.00095e-05
         123     1.59673     1.59659 2.97862e-05
         124     1.59603     1.59658 2.98806e-05
         125     1.59638     1.59658 2.96877e-05
         126     1.59636     1.59658 2.95057e-05
         127     1.59602     1.59658 2.96022e-05
         128     1.59687     1.59658 2.94596e-05
         129     1.59687     1.59658 2.93184e-05
         130      1.5963     1.59658 2.91705e-05
         131     1.59722     1.59658 2.93565e-05
         132      1.5968     1.59659 2.91792e-05
         133     1.59649     1.59659 2.89678e-05
         134     1.59636     1.59658 2.88007e-05
         135     1.59696     1.59659 2.87196e-05
         136     1.59631     1.59658 2.85792e-05
         137     1.59631     1.59658 2.84421e-05
         138     1.59679     1.59658 2.82746e-05
         139     1.59627     1.59658 2.81608e-05
         140     1.59702     1.59658 2.81311e-05
         141     1.59625     1.59658 2.80344e-05
         142     1.59683     1.59658 2.78907e-05
         143     1.59696     1.59659 2.78215e-05
         144     1.59639     1.59659 2.76625e-05
         145     1.59647     1.59658  2.7483e-05
         146     1.59634     1.59658 2.73457e-05
         147     1.59714     1.59659 2.74246e-05
         148     1.59677     1.59659 2.72681e-05
         149     1.59663     1.59659 2.70865e-05
         150      1.5966     1.59659  2.6906e-05
         151     1.59653     1.59659 2.67309e-05
         152     1.59696     1.59659  2.6669e-05
         153     1.59618     1.59659 2.66273e-05
         154     1.59708     1.59659 2.66471e-05
         155     1.59671     1.59659 2.64872e-05
         156     1.59626     1.59659 2.64035e-05
         157     1.59656     1.59659 2.62358e-05
         158     1.59683     1.59659 2.61152e-05
         159     1.59645     1.59659 2.59656e-05
         160     1.59653     1.59659 2.58064e-05
         161     1.59686     1.59659 2.57019e-05
         162     1.59688     1.59659 2.56032e-05
         163      1.5969     1.59659 2.55146e-05
         164     1.59693      1.5966 2.54413e-05
         165     1.59695      1.5966 2.53764e-05
         166     1.59697      1.5966 2.53221e-05
         167     1.59651      1.5966 2.51765e-05
         168      1.5966      1.5966 2.50266e-05
         169     1.59673      1.5966 2.48904e-05
         170     1.59673      1.5966 2.47554e-05
         171     1.59641      1.5966 2.46356e-05
         172     1.59666      1.5966  2.4495e-05
         173     1.59642      1.5966 2.43762e-05
         174     1.59657      1.5966 2.42367e-05
         175     1.59637      1.5966 2.41334e-05
         176     1.59669      1.5966 2.40019e-05
         177     1.59601      1.5966 2.40999e-05
         178     1.59643      1.5966 2.39828e-05
         179     1.59661      1.5966  2.3849e-05
         180     1.59714      1.5966 2.39048e-05
         181     1.59604      1.5966 2.39685e-05
         182     1.59597     1.59659 2.40821e-05
         183     1.59679     1.59659 2.39741e-05
         184      1.5971      1.5966 2.40008e-05
         185      1.5963     1.59659 2.39229e-05
         186     1.59636     1.59659 2.38281e-05
         187     1.59694     1.59659 2.37712e-05
         188     1.59678      1.5966 2.36654e-05
         189     1.59672      1.5966 2.35495e-05
         190      1.5967      1.5966 2.34323e-05
         191     1.59662      1.5966   2.331e-05
         192     1.59604     1.59659 2.33689e-05
         193     1.59667     1.59659 2.32515e-05
         194     1.59703      1.5966 2.32412e-05
         195     1.59661      1.5966  2.3122e-05
         196     1.59652      1.5966 2.30076e-05
         197     1.59711      1.5966  2.3037e-05
         198     1.59685      1.5966 2.29559e-05
         199     1.59616      1.5966 2.29487e-05
         200     1.59653      1.5966 2.28367e-05
         201     1.59726      1.5966 2.29618e-05
         202     1.59683      1.5966  2.2875e-05
         203     1.59674      1.5966 2.27724e-05
         204     1.59664      1.5966 2.26614e-05
         205     1.59636      1.5966 2.25819e-05
         206     1.59657      1.5966 2.24727e-05
         207     1.59687      1.5966 2.24002e-05
         208     1.59725     1.59661 2.25056e-05
         209     1.59694     1.59661 2.24544e-05
         210     1.59689     1.59661 2.23872e-05
         211     1.59626     1.59661 2.23407e-05
         212     1.59687     1.59661 2.22698e-05
         213      1.5972     1.59661 2.23403e-05
         214     1.59646     1.59661  2.2247e-05
         215     1.59651     1.59661 2.21487e-05
         216     1.59646     1.59661 2.20572e-05
         217     1.59592     1.59661 2.21805e-05
         218      1.5965     1.59661 2.20838e-05
         219     1.59656     1.59661 2.19841e-05
         220     1.59672     1.59661 2.18902e-05
         221     1.59663     1.59661 2.17915e-05
         222      1.5973     1.59661 2.19192e-05
         223     1.59594     1.59661 2.20278e-05
         224     1.59647     1.59661 2.19379e-05
         225     1.59668     1.59661 2.18431e-05
         226     1.59682     1.59661 2.17676e-05
         227     1.59641     1.59661 2.16888e-05
         228     1.59642     1.59661 2.16096e-05
         229     1.59661     1.59661 2.15152e-05
         230     1.59639      1.5966 2.14413e-05
         231     1.59657      1.5966 2.13489e-05
         232     1.59625      1.5966 2.13113e-05
         233     1.59644      1.5966 2.12318e-05
         234     1.59645      1.5966 2.11504e-05
         235     1.59665      1.5966 2.10615e-05
         236     1.59649      1.5966 2.09779e-05
         237     1.59662      1.5966 2.08895e-05
         238     1.59632      1.5966 2.08362e-05
         239     1.59663      1.5966 2.07495e-05
         240      1.5966      1.5966 2.06631e-05
         241     1.59651      1.5966 2.05808e-05
         242     1.59652      1.5966 2.04987e-05
         243     1.59644      1.5966 2.04251e-05
         244     1.59647      1.5966 2.03481e-05
         245     1.59642      1.5966 2.02775e-05
         246     1.59703      1.5966 2.02702e-05
         247     1.59672      1.5966 2.01936e-05
         248     1.59619      1.5966 2.01781e-05
         249     1.59736      1.5966 2.03279e-05
         250     1.59625      1.5966 2.02942e-05
         251     1.59647      1.5966 2.02198e-05
         252     1.59635      1.5966 2.01644e-05
         253     1.59709      1.5966 2.01787e-05
         254      1.5964      1.5966  2.0115e-05
         255     1.59654      1.5966 2.00375e-05
         256     1.59722      1.5966 2.01068e-05
         257     1.59624      1.5966 2.00764e-05
         258     1.59638      1.5966  2.0017e-05
         259     1.59666      1.5966 1.99409e-05
         260     1.59723      1.5966 2.00102e-05
         261     1.59683      1.5966 1.99533e-05
         262     1.59615      1.5966  1.9953e-05
         263     1.59666      1.5966 1.98785e-05
         264      1.5967      1.5966 1.98069e-05
         265     1.59588      1.5966 1.99207e-05
         266     1.59621      1.5966 1.98981e-05
         267     1.59643      1.5966 1.98333e-05
         268     1.59631      1.5966 1.97883e-05
         269     1.59649      1.5966 1.97188e-05
         270      1.5969      1.5966  1.9677e-05
         271     1.59672      1.5966 1.96101e-05
         272     1.59646      1.5966 1.95448e-05
         273     1.59594     1.59659 1.96212e-05
         274     1.59709      1.5966 1.96345e-05
         275     1.59683      1.5966 1.95819e-05
         276     1.59651      1.5966 1.95135e-05
         277     1.59659      1.5966  1.9443e-05
         278      1.5965      1.5966  1.9376e-05
         279     1.59699      1.5966  1.9358e-05
         280      1.5964      1.5966 1.93011e-05
         281     1.59647      1.5966 1.92381e-05
         282     1.59665      1.5966 1.91707e-05
         283     1.59613      1.5966 1.91743e-05
         284     1.59619     1.59659  1.9159e-05
         285     1.59705      1.5966 1.91576e-05
         286     1.59708      1.5966 1.91645e-05
         287     1.59661      1.5966 1.90978e-05
         288     1.59702      1.5966 1.90882e-05
         289     1.59622      1.5966 1.90672e-05
         290     1.59668      1.5966 1.90035e-05
         291     1.59706      1.5966  1.9005e-05
         292     1.59692      1.5966  1.8971e-05
         293     1.59671      1.5966 1.89102e-05
         294     1.59626      1.5966 1.88816e-05
         295     1.59648      1.5966 1.88217e-05
         296     1.59699      1.5966 1.88045e-05
         297     1.59607      1.5966  1.8825e-05
         298     1.59653      1.5966 1.87634e-05
         299     1.59645      1.5966 1.87072e-05
         300      1.5971      1.5966 1.87206e-05
         301     1.59669      1.5966 1.86608e-05
         302     1.59648      1.5966 1.86033e-05
         303     1.59641      1.5966 1.85524e-05
         304     1.59654      1.5966 1.84924e-05
         305     1.59639      1.5966  1.8444e-05
         306     1.59688      1.5966 1.84062e-05
         307     1.59657      1.5966 1.83465e-05
         308      1.5964      1.5966  1.8298e-05
         309      1.5972      1.5966 1.83432e-05
         310     1.59736      1.5966 1.84451e-05
         311     1.59586      1.5966 1.85398e-05
         312     1.59707      1.5966 1.85402e-05
         313      1.5963      1.5966 1.85054e-05
         314     1.59614      1.5966 1.85057e-05
         315     1.59708      1.5966 1.85089e-05
         316     1.59712      1.5966 1.85228e-05
         317      1.5967      1.5966 1.84672e-05
         318     1.59625      1.5966 1.84418e-05
         319     1.59646      1.5966 1.83896e-05
         320     1.59616      1.5966 1.83837e-05
         321     1.59652      1.5966  1.8328e-05
         322     1.59662      1.5966 1.82712e-05
         323     1.59686      1.5966 1.82331e-05
         324      1.5966      1.5966 1.81768e-05
         325     1.59605      1.5966 1.81998e-05
         326      1.5967      1.5966 1.81466e-05
         327      1.5966      1.5966 1.80911e-05
         328     1.59693      1.5966 1.80648e-05
         329     1.59616      1.5966 1.80595e-05
         330     1.59636      1.5966 1.80195e-05
         331     1.59675      1.5966  1.7971e-05
         332     1.59704      1.5966 1.79659e-05
         333      1.5967      1.5966 1.79143e-05
         334     1.59674      1.5966 1.78656e-05
         335     1.59595      1.5966 1.79159e-05
         336     1.59649      1.5966 1.78653e-05
         337     1.59716      1.5966 1.78912e-05
         338     1.59656      1.5966 1.78387e-05
         339     1.59679      1.5966  1.7795e-05
         340     1.59654      1.5966 1.77435e-05
         341     1.59691      1.5966 1.77152e-05
         342     1.59679      1.5966 1.76722e-05
         343     1.59657      1.5966  1.7621e-05
         344     1.59668      1.5966 1.75713e-05
         345     1.59681      1.5966 1.75312e-05
         346     1.59702      1.5966 1.75213e-05
         347      1.5968      1.5966 1.74804e-05
         348     1.59647      1.5966 1.74346e-05
         349      1.5967      1.5966 1.73867e-05
         350      1.5965      1.5966 1.73396e-05
         351     1.59643      1.5966  1.7297e-05
         352     1.59617      1.5966 1.72914e-05
         353     1.59755      1.5966 1.74484e-05
         354     1.59617      1.5966 1.74418e-05
         355     1.59681      1.5966 1.74027e-05
         356      1.5967      1.5966  1.7356e-05
         357     1.59648      1.5966 1.73107e-05
         358     1.59642      1.5966 1.72697e-05
         359     1.59666      1.5966 1.72224e-05
         360     1.59648      1.5966 1.71778e-05
         361     1.59666      1.5966 1.71308e-05
         362     1.59601      1.5966 1.71612e-05
         363     1.59654      1.5966 1.71148e-05
         364     1.59664      1.5966 1.70682e-05
         365     1.59719      1.5966 1.70984e-05
         366     1.59645      1.5966  1.7057e-05
         367     1.59623      1.5966 1.70411e-05
         368     1.59634      1.5966 1.70091e-05
         369     1.59649      1.5966 1.69657e-05
         370     1.59647      1.5966 1.69235e-05
         371     1.59687      1.5966 1.68937e-05
         372      1.5965      1.5966 1.68506e-05
         373     1.59683      1.5966 1.68164e-05
         374     1.59618      1.5966 1.68093e-05
         375     1.59691      1.5966 1.67851e-05
         376     1.59698      1.5966 1.67705e-05
         377     1.59623      1.5966 1.67558e-05
         378     1.59649      1.5966  1.6714e-05
         379     1.59728      1.5966 1.67664e-05
         380     1.59669      1.5966 1.67238e-05
         381     1.59639      1.5966 1.66896e-05
         382      1.5966      1.5966 1.66459e-05
         383     1.59638      1.5966 1.66128e-05
         384     1.59688      1.5966 1.65857e-05
         385     1.59658      1.5966 1.65427e-05
         386     1.59725      1.5966  1.6584e-05
         387     1.59713     1.59661 1.65974e-05
         388     1.59607      1.5966 1.66126e-05
         389     1.59596      1.5966 1.66528e-05
         390     1.59686      1.5966 1.66228e-05
         391     1.59662      1.5966 1.65803e-05
         392     1.59706      1.5966 1.65791e-05
         393     1.59623      1.5966 1.65635e-05
         394     1.59662      1.5966 1.65215e-05
         395     1.59715      1.5966 1.65374e-05
         396     1.59679     1.59661 1.65025e-05
         397     1.59647      1.5966 1.64645e-05
         398     1.59686     1.59661 1.64355e-05
         399     1.59635      1.5966 1.64067e-05
         400     1.59678     1.59661 1.63715e-05
         401     1.59649     1.59661  1.6333e-05
         402     1.59644      1.5966 1.62973e-05
         403     1.59703     1.59661 1.62914e-05
         404     1.59645     1.59661 1.62559e-05
         405     1.59672     1.59661 1.62184e-05
         406     1.59612      1.5966 1.62232e-05
         407     1.59655      1.5966 1.61838e-05
         408     1.59637      1.5966 1.61542e-05
         409     1.59646      1.5966 1.61183e-05
         410     1.59632      1.5966 1.60941e-05
         411     1.59687      1.5966 1.60683e-05
         412     1.59617      1.5966 1.60643e-05
         413     1.59599      1.5966 1.60937e-05
         414     1.59696      1.5966 1.60777e-05
         415     1.59655      1.5966 1.60395e-05
         416      1.5964      1.5966 1.60079e-05
         417     1.59649      1.5966 1.59718e-05
         418     1.59674      1.5966 1.59369e-05
         419     1.59647      1.5966  1.5902e-05
         420     1.59671      1.5966 1.58664e-05
         421     1.59596      1.5966 1.59013e-05
         422     1.59658      1.5966 1.58638e-05
         423     1.59701      1.5966 1.58565e-05
         424     1.59674      1.5966 1.58224e-05
         425     1.59609      1.5966 1.58302e-05
         426     1.59666      1.5966 1.57937e-05
         427     1.59653      1.5966 1.57576e-05
         428     1.59647      1.5966 1.57237e-05
         429     1.59666      1.5966 1.56877e-05
         430     1.59625      1.5966 1.56725e-05
         431     1.59678      1.5966  1.5642e-05
         432     1.59669      1.5966 1.56074e-05
         433     1.59662      1.5966 1.55714e-05
         434     1.59674      1.5966 1.55389e-05
         435     1.59652      1.5966 1.55044e-05
         436     1.59666      1.5966 1.54694e-05
         437     1.59632      1.5966  1.5447e-05
         438     1.59659      1.5966 1.54117e-05
         439     1.59666      1.5966 1.53773e-05
         440     1.59672      1.5966 1.53448e-05
         441     1.59691      1.5966 1.53257e-05
         442     1.59673      1.5966 1.52937e-05
         443     1.59652      1.5966 1.52603e-05
         444     1.59643      1.5966 1.52306e-05
         445     1.59649      1.5966 1.51985e-05
         446     1.59649      1.5966 1.51664e-05
         447     1.59652      1.5966 1.51335e-05
         448     1.59667      1.5966 1.51004e-05
         449     1.59709      1.5966 1.51056e-05
         450     1.59652      1.5966 1.50731e-05
         451     1.59586      1.5966 1.51281e-05
         452     1.59633      1.5966 1.51066e-05
         453     1.59669      1.5966 1.50746e-05
         454     1.59686      1.5966 1.50523e-05
         455      1.5963      1.5966 1.50339e-05
         456     1.59695      1.5966 1.50207e-05
         457      1.5962      1.5966 1.50133e-05
         458     1.59677      1.5966 1.49855e-05
         459     1.59636      1.5966 1.49616e-05
         460      1.5964      1.5966 1.49353e-05
         461     1.59687      1.5966 1.49149e-05
         462     1.59639      1.5966 1.48896e-05
         463     1.59661      1.5966 1.48575e-05
         464     1.59679      1.5966 1.48311e-05
         465      1.5967      1.5966 1.48009e-05
         466     1.59702      1.5966 1.47969e-05
         467     1.59631      1.5966 1.47782e-05
         468     1.59665      1.5966 1.47471e-05
         469     1.59669      1.5966  1.4717e-05
         470     1.59674      1.5966 1.46888e-05
         471     1.59695      1.5966 1.46762e-05
         472     1.59727      1.5966 1.47144e-05
         473     1.59639      1.5966 1.46902e-05
         474     1.59685      1.5966 1.46685e-05
         475     1.59644      1.5966 1.46415e-05
         476     1.59593      1.5966 1.46792e-05
         477     1.59637      1.5966 1.46566e-05
         478     1.59701      1.5966 1.46514e-05
         479     1.59675      1.5966 1.46244e-05
         480     1.59618      1.5966 1.46198e-05
         481     1.59733      1.5966 1.46682e-05
         482     1.59575      1.5966 1.47443e-05
         483     1.59655      1.5966 1.47141e-05
         484      1.5966      1.5966 1.46837e-05
         485     1.59656      1.5966 1.46537e-05
         486     1.59708      1.5966 1.46566e-05
         487     1.59627      1.5966 1.46424e-05
         488      1.5964      1.5966 1.46181e-05
         489     1.59663      1.5966 1.45884e-05
         490     1.59714      1.5966 1.46007e-05
         491      1.5961      1.5966 1.46063e-05
         492     1.59637      1.5966 1.45839e-05
         493     1.59702      1.5966 1.45791e-05
         494     1.59659      1.5966 1.45496e-05
         495     1.59701      1.5966 1.45441e-05
         496     1.59623      1.5966 1.45343e-05
         497     1.59701      1.5966 1.45285e-05
         498     1.59671      1.5966  1.4501e-05
         499     1.59605      1.5966 1.45139e-05
         500      1.5958      1.5966  1.4572e-05
